0.768
0.796
0.77
0.768
0.77
0.768
0.764
0.774
0.764
0.752
0.744
0.744
0.746
0.748
0.736
0.74
0.748
0.75
0.752
0.744
0.752
0.754
0.756
0.746
0.754
0.742
0.738
0.746
0.712
0.762
0.752
0.736
0.746
0.736
0.74
0.766
0.774
0.766
0.748
0.75
0.764
0.758
0.768
0.76
0.772
0.768
0.784
0.784
0.738
0.774
0.744
0.762
0.788
0.762
0.768
0.754
0.768
0.744
0.782
0.76
0.798
0.766
0.766
0.756
0.764
0.78
0.75
0.74
0.752
0.754
0.774
0.762
0.74
0.778
0.734
0.768
0.738
0.746
0.73
0.73
0.758
0.75
0.792
0.764
0.782
0.766
0.754
0.756
0.76
0.766
0.764
0.76
0.768
0.758
0.724
0.748
0.708
0.73
0.764
0.77
0.748
0.738
0.75
0.736
0.72
0.748
0.754
0.738
0.732
0.766
0.728
0.762
0.766
0.74
0.748
0.75
0.718
0.776
0.74
0.766
0.744
0.748
0.776
0.77
0.748
0.762
0.766
0.772
0.774
0.764
0.746
0.774
0.77
0.756
0.758
0.766
0.762
0.746
0.76
0.746
0.728
0.766
0.758
0.738
0.754
0.736
0.76
0.732
0.734
0.756
0.75
0.746
0.742
0.748
0.742
0.748
0.738
0.712
0.76
0.706
0.77
0.738
0.724
0.72
0.74
0.732
0.756
0.732
0.746
0.76
0.774
0.742
0.738
0.76
0.75
0.764
0.754
0.786
0.746
0.776
0.772
0.766
0.758
0.764
0.75
0.766
0.756
0.742
0.742
0.728
0.766
0.748
0.768
0.744
0.764
0.752
0.76
0.778
0.758
0.758
0.76
0.762
0.754
0.784
0.754
0.788
0.762
0.75
0.768
0.778
0.764
0.782
0.766
0.778
0.746
0.784
0.756
0.786
0.76
0.796
0.748
0.776
0.774
0.758
0.75
0.76
0.754
0.752
0.758
0.764
0.762
0.776
0.764
0.778
0.766
0.77
0.77
0.754
0.754
0.768
0.756
0.76
0.732
0.766
0.726
0.766
0.726
0.772
0.748
0.752
0.758
0.756
0.766
0.758
0.76
0.728
0.756
0.742
0.758
0.744
0.748
0.766
0.748
0.762
0.766
0.77
0.762
0.76
0.75
0.776
0.742
0.778
0.742
0.754
0.74
0.74
0.734
0.756
0.74
0.756
0.756
0.788
0.746
0.762
0.74
0.774
0.738
0.778
0.746
0.776
0.744
0.772
0.752
0.772
0.752
0.77
0.758
0.766
0.75
0.758
0.754
0.728
0.768
0.76
0.76
0.74
0.766
0.768
0.766
0.766
0.764
0.766
0.748
0.748
0.766
0.756
0.78
0.746
0.774
0.754
0.764
0.764
0.742
0.758
0.766
0.762
0.762
0.782
0.744
0.788
0.756
0.748
0.746
0.746
0.754
0.744
0.752
0.762
0.774
0.738
0.74
0.742
0.738
0.748
0.758
0.746
0.752
0.736
0.75
0.73
0.712
0.738
0.746
0.732
0.774
0.744
0.746
0.724
0.75
0.744
0.76
0.746
0.772
0.758
0.768
0.746
0.76
0.742
0.762
0.76
0.762
0.752
0.748
0.764
0.742
0.74
0.75
0.73
0.728
0.754
0.746
0.768
0.74
0.768
0.766
0.756
0.758
0.764
0.782
0.766
0.744
0.756
0.762
0.76
0.75
0.764
0.736
0.762
0.748
0.772
0.746
0.774
0.748
0.78
0.748
0.776
0.766
0.784
0.766
0.772
0.77
0.772
0.768
0.766
0.77
0.754
0.776
0.752
0.776
0.774
0.774
0.784
0.772
0.778
0.764
0.764
0.748
0.77
0.748
0.768
0.76
0.772
0.758
0.756
0.764
0.75
0.744
0.77
0.758
0.782
0.766
0.762
0.746
0.752
0.762
0.756
0.77
0.758
0.766
0.764
0.76
0.762
0.756
0.768
0.754
0.76
0.744
0.776
0.758
0.774
0.736
0.768
0.758
0.744
0.722
0.756
0.728
0.748
0.748
0.748
0.748
0.748
0.754
0.746
0.738
0.76
0.758
0.762
0.744
0.762
0.738
0.76
0.74
0.758
0.744
0.758
0.74
0.752
0.766
0.746
0.746
0.734
0.762
0.754
0.754
0.744
0.75
0.744
0.752
0.858
0.86
0.842
0.83
0.838
0.844
0.838
0.824
0.83
0.848
0.846
0.854
0.844
0.852
0.85
0.828
0.83
0.832
0.836
0.818
0.84
0.818
0.812
0.812
0.814
0.808
0.81
0.794
0.8
0.802
0.81
0.802
0.806
0.826
0.808
0.82
0.826
0.812
0.8
0.81
0.792
0.802
0.806
0.79
0.796
0.8
0.794
0.82
0.798
0.784
0.806
0.814
0.782
0.808
0.796
0.812
0.792
0.824
0.8
0.8
0.812
0.806
0.81
0.786
0.814
0.822
0.82
0.798
0.798
0.812
0.796
0.81
0.804
0.808
0.806
0.814
0.798
0.794
0.774
0.796
0.794
0.81
0.808
0.788
0.802
0.788
0.796
0.828
0.81
0.834
0.808
0.798
0.806
0.788
0.798
0.824
0.816
0.826
0.798
0.792
0.81
0.8
0.81
0.794
0.784
0.806
0.79
0.796
0.774
0.79
0.776
0.796
0.798
0.81
0.752
0.776
0.806
0.794
0.8
0.77
0.796
0.82
0.806
0.8
0.812
0.8
0.814
0.764
0.77
0.808
0.8
0.798
0.832
0.776
0.8
0.792
0.806
0.79
0.788
0.792
0.812
0.786
0.788
0.788
0.78
0.786
0.792
0.8
0.794
0.782
0.802
0.788
0.774
0.802
0.82
0.8
0.808
0.812
0.788
0.804
0.788
0.818
0.796
0.822
0.814
0.808
0.79
0.8
0.79
0.788
0.794
0.812
0.784
0.8
0.792
0.792
0.802
0.806
0.796
0.792
0.814
0.814
0.806
0.808
0.802
0.792
0.786
0.798
0.798
0.808
0.802
0.808
0.798
0.816
0.8
0.832
0.812
0.806
0.818
0.81
0.8
0.812
0.8
0.788
0.804
0.796
0.788
0.782
0.804
0.806
0.794
0.814
0.796
0.812
0.798
0.824
0.81
0.818
0.814
0.818
0.806
0.808
0.804
0.808
0.828
0.796
0.84
0.826
0.824
0.812
0.83
0.802
0.816
0.808
0.832
0.806
0.824
0.802
0.836
0.814
0.826
0.806
0.822
0.81
0.822
0.808
0.806
0.82
0.822
0.818
0.81
0.816
0.804
0.816
0.82
0.816
0.818
0.81
0.832
0.814
0.822
0.818
0.82
0.784
0.836
0.79
0.83
0.778
0.828
0.796
0.826
0.798
0.82
0.804
0.816
0.804
0.812
0.806
0.81
0.802
0.814
0.8
0.818
0.794
0.816
0.794
0.804
0.806
0.818
0.8
0.818
0.812
0.812
0.814
0.81
0.818
0.81
0.808
0.8
0.796
0.808
0.812
0.8
0.806
0.812
0.816
0.786
0.798
0.798
0.818
0.798
0.822
0.8
0.832
0.788
0.832
0.792
0.836
0.79
0.844
0.772
0.81
0.798
0.822
0.79
0.828
0.798
0.81
0.804
0.824
0.8
0.818
0.784
0.814
0.798
0.796
0.792
0.8
0.812
0.802
0.804
0.808
0.804
0.802
0.794
0.802
0.792
0.812
0.802
0.798
0.798
0.8
0.792
0.8
0.79
0.798
0.8
0.792
0.8
0.812
0.802
0.776
0.8
0.782
0.8
0.792
0.772
0.79
0.772
0.788
0.794
0.792
0.792
0.804
0.8
0.798
0.776
0.796
0.78
0.804
0.78
0.802
0.782
0.806
0.792
0.814
0.796
0.82
0.808
0.794
0.804
0.798
0.808
0.784
0.806
0.792
0.782
0.792
0.782
0.796
0.782
0.796
0.788
0.796
0.77
0.782
0.77
0.792
0.774
0.78
0.776
0.776
0.78
0.784
0.792
0.792
0.782
0.798
0.8
0.792
0.796
0.79
0.804
0.802
0.796
0.808
0.792
0.794
0.792
0.796
0.79
0.804
0.798
0.77
0.802
0.778
0.798
0.784
0.798
0.788
0.798
0.784
0.792
0.794
0.786
0.784
0.8
0.784
0.8
0.792
0.794
0.792
0.794
0.81
0.806
0.818
0.794
0.796
0.794
0.802
0.794
0.786
0.794
0.786
0.794
0.782
0.786
0.796
0.778
0.782
0.79
0.79
0.796
0.792
0.79
0.782
0.78
0.8
0.774
0.804
0.812
0.796
0.81
0.802
0.81
0.818
0.79
0.79
0.788
0.8
0.792
0.808
0.798
0.786
0.792
0.81
0.824
0.8
0.826
0.89
0.886
0.89
0.88
0.864
0.864
0.866
0.86
0.868
0.862
0.87
0.862
0.878
0.862
0.86
0.862
0.866
0.862
0.858
0.86
0.866
0.862
0.862
0.828
0.838
0.82
0.84
0.818
0.828
0.832
0.814
0.842
0.826
0.86
0.85
0.856
0.832
0.828
0.818
0.82
0.846
0.836
0.83
0.836
0.854
0.856
0.838
0.836
0.852
0.85
0.86
0.854
0.854
0.858
0.844
0.852
0.842
0.858
0.842
0.834
0.844
0.86
0.822
0.852
0.848
0.846
0.818
0.83
0.844
0.822
0.838
0.82
0.842
0.848
0.838
0.81
0.834
0.838
0.824
0.816
0.816
0.81
0.818
0.814
0.84
0.84
0.828
0.838
0.81
0.812
0.814
0.842
0.816
0.822
0.832
0.812
0.848
0.86
0.818
0.82
0.822
0.81
0.836
0.826
0.842
0.826
0.824
0.82
0.81
0.816
0.824
0.842
0.844
0.838
0.798
0.832
0.818
0.83
0.82
0.824
0.826
0.832
0.818
0.82
0.84
0.83
0.83
0.828
0.852
0.824
0.84
0.82
0.842
0.84
0.842
0.834
0.826
0.834
0.816
0.83
0.836
0.836
0.844
0.814
0.82
0.83
0.848
0.822
0.802
0.834
0.802
0.822
0.822
0.828
0.824
0.826
0.828
0.832
0.844
0.816
0.84
0.822
0.836
0.844
0.818
0.812
0.84
0.82
0.814
0.828
0.808
0.812
0.834
0.822
0.832
0.842
0.834
0.82
0.826
0.826
0.812
0.822
0.814
0.81
0.818
0.8
0.812
0.826
0.828
0.816
0.812
0.836
0.848
0.828
0.836
0.824
0.814
0.808
0.828
0.838
0.802
0.832
0.814
0.814
0.826
0.818
0.822
0.824
0.816
0.82
0.81
0.842
0.82
0.844
0.814
0.85
0.834
0.824
0.812
0.822
0.82
0.836
0.822
0.836
0.818
0.836
0.82
0.848
0.83
0.818
0.83
0.834
0.832
0.83
0.832
0.824
0.804
0.82
0.836
0.838
0.838
0.814
0.83
0.836
0.848
0.83
0.844
0.83
0.83
0.818
0.848
0.818
0.846
0.814
0.834
0.818
0.836
0.832
0.834
0.836
0.848
0.842
0.838
0.844
0.83
0.844
0.828
0.828
0.824
0.828
0.812
0.84
0.822
0.836
0.82
0.83
0.828
0.826
0.83
0.826
0.832
0.834
0.828
0.838
0.816
0.844
0.816
0.842
0.812
0.844
0.818
0.846
0.818
0.842
0.83
0.834
0.83
0.836
0.836
0.842
0.83
0.846
0.83
0.848
0.83
0.83
0.83
0.842
0.812
0.846
0.832
0.848
0.828
0.832
0.814
0.824
0.832
0.816
0.834
0.824
0.83
0.824
0.836
0.828
0.834
0.822
0.824
0.84
0.828
0.826
0.824
0.854
0.838
0.844
0.802
0.84
0.838
0.868
0.828
0.848
0.82
0.846
0.82
0.846
0.818
0.84
0.82
0.84
0.808
0.842
0.812
0.84
0.804
0.85
0.828
0.84
0.822
0.86
0.822
0.84
0.808
0.828
0.808
0.81
0.834
0.816
0.818
0.824
0.824
0.818
0.83
0.818
0.828
0.818
0.828
0.832
0.822
0.834
0.814
0.826
0.816
0.828
0.81
0.818
0.81
0.818
0.81
0.82
0.834
0.81
0.834
0.828
0.832
0.82
0.822
0.832
0.832
0.828
0.842
0.848
0.86
0.84
0.848
0.848
0.836
0.838
0.834
0.836
0.822
0.842
0.832
0.834
0.824
0.84
0.83
0.836
0.816
0.842
0.822
0.844
0.822
0.85
0.824
0.852
0.824
0.834
0.818
0.842
0.816
0.84
0.84
0.836
0.802
0.836
0.836
0.828
0.818
0.82
0.826
0.832
0.824
0.818
0.828
0.838
0.812
0.832
0.826
0.842
0.844
0.852
0.816
0.848
0.814
0.84
0.824
0.842
0.824
0.842
0.824
0.86
0.806
0.838
0.834
0.828
0.838
0.822
0.812
0.808
0.832
0.812
0.834
0.82
0.832
0.844
0.834
0.844
0.824
0.84
0.84
0.838
0.84
0.822
0.84
0.822
0.856
0.822
0.842
0.804
0.832
0.8
0.82
0.802
0.808
0.802
0.804
0.822
0.812
0.808
0.826
