47257090.054203
8822872.463423
3930604.998945
2285750.612024
1491676.594537
1068812.453825
822914.617688
656605.550286
539129.094548
451362.408305
382600.978525
327802.250718
283475.258617
246902.802964
216812.132763
191878.940847
171259.954088
154035.078321
139329.971983
126757.032485
115676.561413
105877.981119
97155.052092
89374.288553
82439.797404
76328.547714
70837.527808
65904.689832
61439.514286
57381.242415
53703.578113
50397.334636
47389.184954
44638.853535
42120.582475
39811.819056
37714.413735
35795.135950
34029.591096
32399.638594
30889.432786
29492.680959
28197.076240
26994.313085
25868.183012
24814.975548
23831.617899
22917.594617
22071.460224
21277.629818
20537.089494
19835.865941
19171.679056
18547.772863
17954.632187
17389.645522
16850.618611
16334.639539
15839.860610
15367.612428
14913.298508
14477.570073
14059.787480
13658.101355
13270.331376
12895.807716
12534.356781
12184.966683
11846.959281
11520.179401
11204.271109
10898.875111
10603.581991
10318.033584
10041.918928
9775.179703
9517.322102
9268.458508
9028.290746
8797.322125
8573.973914
8358.348744
8150.130455
7949.192372
7755.216205
7569.016532
7389.297191
7216.293832
7049.060177
6888.202706
6732.738003
6583.115051
6438.481955
6298.869398
6163.843835
6033.704923
5908.123526
5786.963045
5669.770544
5557.031689
5448.424858
5343.551690
5242.051773
5143.783203
5048.670272
4956.562622
4867.379259
4780.940593
4697.183006
4616.226247
4537.655277
4461.392197
4387.425550
4315.485440
4245.511429
4177.404143
4111.082059
4046.443106
3983.435671
3921.963199
3861.989886
3803.463946
3746.443449
3690.662950
3636.071080
3582.602220
3530.215274
3478.914522
3428.662548
3379.342474
3330.929739
3283.438247
3236.706636
3190.797692
3145.602271
3101.199779
3057.426261
3014.355135
2971.885882
2930.065709
2888.765628
2848.054632
2807.838609
2768.209772
2729.075925
2690.468640
2652.314000
2614.650294
2577.387919
2540.593328
2504.199522
2468.293938
2432.758240
2397.675811
2363.018270
2328.756186
2294.923290
2261.479881
2228.479037
2195.898728
2163.745511
2132.036276
2100.743956
2069.841307
2039.351408
2009.261326
1979.623683
1950.400604
1921.589877
1893.198263
1865.252950
1837.705046
1810.603021
1783.990350
1757.856675
1732.115204
1706.774338
1681.830913
1657.297751
1633.152908
1609.394377
1586.012576
1563.012263
1540.390123
1518.153953
1496.292679
1474.796795
1453.667210
1432.943784
1412.593310
1392.682890
1373.126061
1353.900235
1335.003647
1316.438199
1298.178063
1280.231625
1262.597514
1245.289107
1228.248673
1211.527059
1195.063941
1178.909818
1163.040419
1147.458655
1132.122172
1117.073962
1102.266184
1087.727691
1073.421072
1059.376209
1045.551777
1031.990084
1018.666408
1005.568993
992.687981
980.029178
967.575158
955.338667
943.314413
931.490888
919.851882
908.409864
897.144948
886.072467
875.184024
864.473987
853.929244
843.564348
833.354438
823.306575
813.417396
803.688707
794.113201
784.689736
775.409444
766.281914
757.295270
748.451253
739.741016
731.165821
722.726466
714.403843
706.221305
698.150173
690.212290
682.389054
674.692414
667.109425
659.646047
652.305006
645.054594
637.943264
630.920006
624.028347
617.222952
610.530712
603.917196
597.412393
590.993685
584.677636
578.443825
572.309738
566.256577
560.296366
554.418516
548.607107
542.895975
537.252914
531.704840
526.232835
520.867131
515.575421
510.360654
505.226747
500.168318
495.174940
490.266500
485.409742
480.625045
475.907604
471.254782
466.660833
462.143201
457.674605
453.270000
448.927744
444.641618
440.418551
436.262125
432.159194
428.110786
424.122735
420.186104
416.311796
412.479128
408.704371
404.970843
401.297485
397.661917
394.079070
390.541948
387.036366
383.594091
380.181767
376.832052
373.518419
370.268431
367.022015
363.838433
360.686180
357.586262
354.518419
351.498913
348.509714
345.568650
342.654962
339.787891
336.948627
334.157359
331.420643
328.739595
326.068791
323.439077
320.838921
318.275285
315.737768
313.240431
310.767154
308.329890
305.918187
303.540391
301.189190
298.867100
296.568711
294.303820
292.061845
289.856273
287.670655
285.516715
283.386472
281.291087
279.213118
277.167369
275.139744
273.140436
271.176116
269.218701
267.290051
265.391003
263.501257
261.643350
259.800008
257.985625
256.186543
254.404160
252.655174
250.914328
249.193875
247.500953
245.816996
244.169550
242.523195
240.902729
239.300443
237.716443
236.153376
234.616783
233.093782
231.591688
230.097376
228.623235
227.164906
225.726779
224.301224
222.895660
221.498342
220.110095
218.741232
217.392561
216.058750
214.737348
213.430000
212.134098
210.850160
209.591808
208.342914
207.102831
205.875742
204.661023
203.461352
202.270091
201.091868
199.924842
198.773920
197.633913
196.503186
195.383757
194.278566
193.181711
192.099694
191.022625
189.961729
188.903070
187.861519
186.825915
185.804642
184.785425
183.780800
182.780549
181.800930
180.817464
179.855925
178.890839
177.949593
177.006360
176.084204
175.161420
174.253532
173.342968
172.445694
171.550457
170.669266
169.789754
168.927781
168.066914
167.209652
166.351203
165.507769
164.680894
163.851729
163.021957
162.206143
161.393987
160.593812
159.794583
159.006695
158.221058
157.448042
156.684093
155.929442
155.169050
154.429741
153.682993
152.947891
152.213837
151.490785
150.775324
150.070704
149.367228
148.673914
148.004013
147.337074
146.670868
146.013354
145.351744
144.705459
144.056128
143.409115
142.767593
142.134468
141.503240
140.880866
140.263107
139.652847
139.042819
138.441602
137.843193
137.249980
136.662244
136.081906
135.499801
134.929447
134.355598
133.793020
133.225665
132.671836
132.116314
131.568055
131.017641
130.477518
129.936482
129.405084
128.872345
128.349078
127.828451
127.315861
126.798053
126.305474
125.799973
125.311344
124.810482
124.332399
123.847930
123.378777
122.895440
122.427491
121.951347
121.489644
53963393.017952
9498347.616338
4387521.222749
2586851.830085
1696742.299067
1227312.109612
942531.739149
747844.051764
603275.216227
494798.052516
410828.157777
347291.636685
297615.157218
257459.671945
224603.194464
197864.709824
175888.080176
157469.569095
141878.025837
128506.274427
116987.155690
106996.901418
98360.244666
90711.224328
84005.982757
78008.896607
72666.438641
67884.914549
63580.183083
59690.949325
56173.481814
53015.154178
50185.761217
47647.109032
45336.587360
43236.103576
41320.670012
39567.403679
37955.248560
36463.287801
35078.127526
33786.863048
32574.672099
31431.940546
30346.887982
29307.691440
28305.540842
27338.096679
26399.543952
25483.690103
24585.410466
23706.367636
22846.464751
22008.112240
21191.493195
20398.830868
19631.538689
18890.283819
18175.888329
17491.490318
16835.089783
16208.226432
15610.009186
15039.293069
14496.744645
13980.138623
13488.775429
13022.319781
12578.593569
12158.793373
11760.337997
11381.363619
11020.569357
10677.052274
10349.260205
10037.014796
9739.721876
9456.196936
9185.205982
8926.361465
8679.044410
8442.823788
8217.351829
8002.448556
7796.395732
7599.275463
7410.506524
7229.539763
7055.993249
6889.315557
6729.686973
6576.422680
6429.472717
6288.513575
6153.437493
6023.628909
5898.923689
5778.835004
5663.339648
5552.354100
5445.461017
5342.338201
5243.015898
5147.094999
5054.494378
4964.907732
4878.208206
4794.500726
4713.898518
4636.292707
4561.116000
4488.322453
4417.541005
4348.597403
4281.486227
4216.058217
4152.203334
4089.782949
4028.732325
3969.007961
3910.485476
3853.081074
3796.698848
3741.357827
3686.915190
3633.340281
3580.684073
3528.760857
3477.470882
3426.764809
3376.680490
3327.108950
3278.048812
3229.438395
3181.327983
3133.683578
3086.488468
3039.685358
2993.294044
2947.280544
2901.691731
2856.531405
2812.589493
2769.180945
2726.216721
2683.662548
2641.616258
2600.008863
2558.844582
2518.111171
2477.827437
2437.983863
2398.645418
2359.792494
2321.458638
2283.612239
2246.314532
2209.523846
2173.308475
2137.703243
2102.659257
2068.143671
2034.226937
2000.859536
1968.064636
1935.806442
1904.221328
1873.308039
1842.985516
1813.177035
1783.960636
1755.260716
1727.134601
1699.528318
1672.481660
1645.977766
1620.013039
1594.537630
1569.599608
1545.165753
1521.249887
1497.813112
1474.874587
1452.387651
1430.362963
1408.774063
1387.629108
1366.928279
1346.696846
1326.873646
1307.483605
1288.494736
1269.895518
1251.667401
1233.826320
1216.332411
1199.194776
1182.400836
1165.940259
1149.816156
1134.013794
1118.524133
1103.339055
1088.451724
1073.859623
1059.536536
1045.517132
1031.762402
1018.246640
1005.034572
992.043226
979.323648
966.805942
954.567336
942.522837
930.725916
919.113590
907.740982
896.551321
885.602205
874.794132
864.230764
853.797964
843.596595
833.529445
823.674924
813.938437
804.419580
795.040753
785.847180
776.768962
767.873345
759.088538
750.471007
741.963735
733.613076
725.366781
717.274279
709.287808
701.446534
693.710250
686.108619
678.629223
671.247741
663.993663
656.833241
649.810082
642.852760
636.042173
629.293966
622.688151
616.142280
609.739734
603.393904
597.189616
591.039796
585.021742
579.056124
573.214518
567.445881
561.783364
556.190648
550.705857
545.295966
539.968380
534.703330
529.534067
524.415176
519.394766
514.423170
509.546578
504.718202
499.979334
495.288526
490.696419
486.150576
481.687011
477.271114
472.934037
468.645833
464.448284
460.273153
456.195215
452.129386
448.164065
444.210655
440.354006
436.508651
432.752170
429.011479
425.359763
421.740017
418.193908
414.666102
411.214390
407.778924
404.411883
401.070728
397.790153
394.531679
391.333077
388.165476
385.055894
381.968202
378.934636
375.922602
372.963535
370.028919
367.133106
364.265630
361.437662
358.639556
355.880552
353.156586
350.477730
347.826018
345.211204
342.618502
340.063380
337.529548
335.029877
332.554067
330.116384
327.704101
325.325648
322.969708
320.638142
318.330054
316.049539
313.805358
311.586467
309.388805
307.218132
305.076847
302.962418
300.870606
298.792965
296.750985
294.712038
292.714531
290.726410
288.771270
286.824765
284.910015
283.005412
281.127993
279.257005
277.420439
275.594001
273.792537
272.009509
270.253908
268.501540
266.783486
265.076206
263.398693
261.719294
260.075612
258.428898
256.810969
255.193197
253.616670
252.024966
250.480177
248.920213
247.405195
245.874478
244.392139
242.896861
241.443906
239.975382
238.548122
237.107132
235.709497
234.298651
232.928941
231.546080
230.199692
228.842187
227.522237
226.188579
224.892657
223.583445
222.309241
221.016573
219.766040
218.502180
217.273541
216.036943
214.829567
213.610001
212.422836
211.226919
210.055421
208.879950
207.728129
206.569349
205.444490
204.314131
203.207089
202.086861
200.996903
199.902037
198.827082
197.748557
196.690283
195.629173
194.587893
193.550095
192.523076
191.499377
190.491986
189.483135
188.488030
187.494129
186.517439
185.542360
184.576242
183.615979
182.666864
181.716871
180.779526
179.847154
178.927356
178.005899
177.099599
176.192629
175.301631
174.408045
173.530490
172.646624
171.780674
170.913515
170.060716
169.207166
168.365234
167.520870
166.691206
165.859329
165.042112
164.221879
163.415916
162.609121
161.811584
161.014721
160.233627
159.448653
158.680632
157.903464
157.144802
156.377110
155.618151
154.863309
154.114988
153.368571
152.631416
151.896854
151.172901
150.444019
149.730038
149.011662
148.307484
147.602337
146.907541
146.209710
145.527032
144.839994
144.166337
143.492022
142.826743
142.165851
141.515155
140.862432
140.219554
139.575339
138.941021
138.301774
137.670518
137.043994
136.427324
135.800308
135.185892
134.570978
133.966528
133.361675
132.763806
132.162803
131.565333
130.975387
130.392500
129.808803
129.236801
128.666839
128.104944
127.547630
126.991404
126.432063
125.880549
125.326662
55968896.587797
9565248.217874
4508717.214732
2674408.554284
1763203.870539
1242866.726448
924154.231748
720635.356449
585126.306192
490465.252712
420692.227023
365096.341175
318170.087687
277159.168400
242263.935728
213459.000024
189674.486046
170004.926355
154120.371234
140888.083342
129381.697447
119214.476081
110153.799464
101971.897139
94584.935604
87890.340944
81864.479579
76380.415878
71369.432188
66754.622234
62494.692012
58549.767047
54914.132972
51566.929337
48465.294029
45602.159795
42962.058504
40529.044554
38282.440097
36208.304587
34297.068417
32535.444112
30936.334922
29452.613406
28075.793705
26800.276675
25611.372081
24503.068276
23471.269662
22505.760699
21600.266323
20751.409707
19954.231883
19203.242695
18494.992516
17825.017464
17190.934574
16591.606344
16025.954708
15488.543647
14976.863454
14489.162496
14024.200745
13581.123273
13159.537673
12759.113595
12376.150122
12009.003182
11657.236246
11319.710413
10995.381043
10683.751084
10383.983819
10095.744921
9818.507964
9551.621512
9294.548415
9047.176095
8809.982641
8581.696160
8361.636385
8149.660441
7945.079586
7747.757897
7557.391338
7373.870390
7196.521962
7024.943275
6859.794313
6700.492247
6546.293062
6396.991223
6252.275430
6112.411058
5976.520658
5845.030544
5717.296165
5593.662815
5473.737983
5357.400026
5244.490652
5134.887159
5028.395874
4925.025054
4824.710566
4727.443126
4632.968607
4541.216118
4451.931871
4365.597621
4281.587507
4200.015246
4120.801877
4043.766925
3968.909380
3896.099362
3825.365021
3756.610976
3689.651036
3624.533402
3561.128787
3499.352163
3439.130989
3380.472752
3323.283663
3267.512995
3213.128354
3160.185847
3108.585829
3058.288081
3009.256639
2961.414435
2914.735035
2869.177561
2824.704720
2781.273166
2738.905173
2697.553979
2657.167084
2617.698775
2579.139775
2541.456923
2504.640816
2468.689193
2433.543402
2399.177654
2365.554843
2332.649739
2300.460320
2268.954337
2238.184858
2208.093877
2178.686230
2149.892990
2121.706409
2094.086967
2067.031871
2040.518579
2014.524302
1989.111100
1964.235808
1939.850120
1915.927871
1892.455716
1869.425958
1846.828987
1824.683102
1802.995702
1781.720381
1760.877091
1740.451215
1720.388489
1700.784995
1681.507545
1662.629889
1644.057877
1625.848242
1607.923655
1590.350346
1573.063070
1556.161149
1539.535880
1523.238071
1507.175163
1491.420344
1475.899788
1460.660373
1445.686727
1430.942410
1416.452933
1402.212819
1388.301180
1374.592189
1361.122943
1347.853189
1334.811208
1321.953938
1309.332337
1296.889306
1284.684554
1272.659408
1260.836001
1249.180448
1237.698784
1226.387933
1215.259970
1204.295813
1193.521253
1182.894318
1172.444790
1162.117563
1152.028648
1141.981988
1132.182422
1122.426160
1112.895968
1103.411675
1094.144366
1084.922533
1075.909017
1066.942684
1058.176626
1049.469130
1040.940193
1032.473318
1024.177643
1015.951292
1007.876732
999.879578
992.018296
984.230797
976.572601
968.989146
961.551153
954.168561
946.928133
939.742892
932.693145
925.701407
918.834995
912.026744
905.340456
898.711126
892.199940
885.742284
879.392562
873.112315
866.946162
860.841224
854.835383
848.891056
843.045898
837.263151
831.569621
825.936078
820.388559
814.902562
809.498738
804.143425
798.881601
793.682060
788.548667
783.483780
778.494358
773.568143
768.706141
763.892160
759.168781
754.485383
749.888685
745.330423
740.855161
736.420795
732.029377
727.707013
723.426429
719.248929
715.110492
711.053352
707.034243
703.090938
699.183907
695.353448
691.555021
687.910958
684.319624
680.791080
677.302941
673.879461
670.494435
667.160204
663.877014
660.631422
657.441623
654.281122
651.169761
648.091429
645.061894
642.062642
639.108135
636.183150
633.301834
630.446154
627.629882
624.837233
622.087928
619.360844
616.657185
614.019030
611.388995
608.797228
606.210569
603.664914
601.124805
598.625920
596.117429
593.664205
591.201087
588.779479
586.349023
583.955585
581.550480
579.180177
576.796095
574.444551
572.076237
569.740533
567.385940
565.067529
562.721685
560.410020
558.073047
555.766856
553.430543
551.122530
548.784314
546.455739
544.122611
541.796535
539.455486
537.133408
534.777655
532.418136
530.047400
527.679565
525.295803
522.911900
520.512565
518.114012
515.699931
513.284840
510.854611
508.422842
505.982567
503.541509
501.086843
498.628891
496.161759
493.694813
491.215706
488.735269
486.243230
483.748975
481.241385
478.736334
476.220386
473.702692
471.178622
468.653234
466.121815
463.591973
461.057894
458.527175
455.990058
453.453983
450.916991
448.385022
445.852844
443.325075
440.797791
438.276647
435.757441
433.245677
430.736710
428.237040
425.742224
423.256800
420.777421
418.305476
415.837424
413.385418
410.935550
408.505490
406.082120
403.678468
401.282347
398.900115
396.526064
394.170594
391.831200
389.508570
387.195993
384.903822
382.623683
380.361879
378.113794
375.883911
373.667812
371.469628
369.287284
367.122012
364.972979
362.839562
360.719964
358.619978
356.536710
354.471524
352.422977
350.392377
348.378334
346.381637
344.402930
342.440521
340.495112
338.567548
336.658690
334.764695
332.888475
331.029229
329.187489
327.362620
325.555659
323.765239
321.991173
320.233319
318.491753
316.765960
315.056680
313.361725
311.685072
310.023496
308.381582
306.751179
305.137604
303.535801
301.950972
300.383299
298.828011
297.286239
295.758154
294.248851
292.749362
291.266711
289.798202
288.346320
286.905844
285.480376
284.067305
282.663146
281.273162
279.894467
278.529461
277.174610
275.833397
274.509961
273.191479
271.889330
270.592900
269.313442
268.036223
266.777393
265.523034
264.284979
263.048894
261.831577
260.618395
259.424960
258.235728
257.063180
255.893865
254.740099
253.588615
252.455016
251.329166
250.212935
249.101365
248.000963
246.908647
245.826078
244.749127
243.680791
242.619218
241.567639
240.526789
239.491237
238.462641
237.436733
236.418736
235.410834
