47257090.054203
8822872.463423
3930604.998945
2285750.612024
1491676.594537
1068812.453825
822914.617688
656605.550286
539129.094548
451362.408305
382600.978525
327802.250718
283475.258617
246902.802964
216812.132763
191878.940847
171259.954088
154035.078321
139329.971983
126757.032485
115676.561413
105877.981119
97155.052092
89374.288553
82439.797404
76328.547714
70837.527808
65904.689832
61439.514286
57381.242415
53703.578113
50397.334641
47389.184959
44638.853539
42120.582271
39811.819078
37714.413756
35795.136157
34029.591657
32399.638689
30889.433040
29492.681040
28197.076575
26994.313252
25868.183060
24814.975441
23831.617421
22917.594245
22071.459541
21277.629203
20537.088971
19835.865462
19171.678576
18547.772405
17954.631708
17389.645074
16850.618163
16334.638673
15839.859728
15367.611558
14913.298050
14477.569604
14059.787021
13658.100883
13270.330917
12895.807246
12534.356337
12184.966241
11846.958529
11520.178688
11204.270396
10898.874401
10603.581282
10318.032903
10041.918249
9775.179031
9517.321441
9268.457871
9028.290113
8797.321667
8573.973453
8358.348470
8150.129984
7949.191966
7755.215534
7569.016184
7389.296622
7216.293315
7049.059449
6888.202029
6732.736894
6583.113992
6438.480778
6298.868090
6163.842110
6033.704178
5908.123245
5786.962747
5669.770405
5557.030921
5448.424740
5343.551484
5242.051583
5143.782972
5048.669899
4956.562353
4867.378968
4780.941219
4697.183494
4616.227017
4537.656765
4461.394714
4387.427936
4315.487462
4245.513295
4177.405250
4111.083898
4046.445570
3983.438161
3921.965120
3861.991895
3803.466211
3746.445359
3690.664886
3636.072693
3582.603973
3530.216696
3478.915960
3428.664293
3379.343611
3330.931030
3283.439317
3236.708024
3190.798958
3145.602979
3101.200067
3057.427733
3014.356200
2971.887172
2930.066724
2888.762207
2848.051191
2807.835328
2768.206502
2729.072885
2690.464540
2652.310184
2614.646675
2577.385098
2540.591241
2504.197440
2468.292108
2432.756806
2397.674388
2363.016863
2328.754766
2294.921892
2261.478505
2228.477685
2195.897400
2163.744177
2132.034970
2100.742678
2069.840057
2039.350183
2009.260128
1979.622513
1950.399283
1921.588409
1893.196660
1865.251222
1837.703202
1810.600738
1783.987689
1757.853615
1732.111802
1706.770571
1681.826837
1657.293341
1633.148218
1609.389380
1586.007325
1563.006731
1540.384360
1518.147930
1496.286870
1474.791098
1453.661696
1432.938332
1412.587985
1392.677612
1373.120761
1353.895083
1335.008937
1316.433461
1298.173277
1280.227309
1262.593140
1245.284795
1228.243883
1211.522707
1195.058776
1178.905094
1163.035975
1147.454509
1132.118554
1117.070125
1102.266734
1087.723849
1073.432202
1059.385599
1045.563702
1032.000892
1018.670330
1005.571336
992.686388
980.030910
967.572626
955.340046
943.312500
931.490212
919.852296
908.411177
897.145712
886.087519
875.207795
864.506802
853.971880
843.609633
833.406717
823.370828
813.481756
803.756042
794.185693
784.770292
775.497452
766.372554
757.393968
748.553621
739.848684
731.279353
722.838919
714.529582
706.345625
698.286660
690.347568
682.535976
674.837806
667.260475
659.783652
652.425215
645.156812
638.031019
631.013079
624.118742
617.288504
610.599063
603.992766
597.493782
591.079579
584.745630
578.517723
572.383432
566.328290
560.368500
554.474316
548.666220
542.958655
537.317285
531.766267
526.293391
520.925425
515.625196
510.406113
505.268777
500.210183
495.226088
490.309982
485.455303
480.674007
475.953884
471.308110
466.718614
462.193785
457.728996
453.331974
448.990507
444.707085
440.486517
436.330058
432.228567
428.181599
424.200528
420.266394
416.385802
412.553369
408.779319
405.047454
401.361167
397.722097
394.133704
390.597977
387.097356
383.657859
380.244376
376.889951
373.571574
370.312976
367.062472
363.874143
360.717502
357.611842
354.533039
351.512645
348.521420
345.574990
342.653935
339.777669
336.931649
334.128393
331.384525
328.690570
326.023204
323.397329
320.800728
318.240021
315.705699
313.208155
310.736634
308.300174
305.892248
303.514265
301.160950
298.841953
296.547083
294.290871
292.050144
289.847696
287.667396
285.520383
283.398267
281.311556
279.242539
277.206202
275.178186
273.190447
271.212926
269.270860
267.338200
265.442977
263.555750
261.697560
259.849625
258.033290
256.225173
254.449461
252.702310
250.961322
249.254845
247.555062
245.869406
244.209985
242.566289
240.956164
239.341464
237.760444
236.201062
234.645346
233.114367
231.611624
230.123965
228.653088
227.198349
225.762379
224.334296
222.915075
221.515120
220.128131
218.771327
217.417231
216.090144
214.774584
213.459995
212.161259
210.892828
209.628314
208.383196
207.152823
205.933590
204.719542
203.523280
202.333143
201.160037
199.996006
198.848296
197.707482
196.578274
195.462028
194.356247
193.262774
192.181547
191.103806
190.041561
188.986152
187.948626
186.906144
185.885566
184.866563
183.870995
182.878361
181.901984
180.923178
179.967617
179.003719
178.048168
177.098513
176.171325
175.238023
174.317893
173.415047
172.526425
171.636287
170.760436
169.883625
169.019871
168.160887
167.309510
166.463711
165.636781
164.808114
163.994436
163.174580
162.369776
161.563198
160.764115
159.972076
159.190841
158.412109
157.640363
156.874934
156.119134
155.364860
154.621657
153.879867
153.148217
152.417797
151.696902
150.988206
150.295922
149.596259
148.917393
148.231409
147.569479
146.894846
146.243822
145.582563
144.934841
144.283645
143.644884
143.003007
142.373896
141.743780
141.131841
140.513522
139.908516
139.301848
138.702925
138.102982
137.515031
136.915704
136.331487
135.744770
135.169315
134.592525
134.027541
133.455645
132.898094
132.340348
131.800217
131.244183
130.706500
130.162324
129.640586
129.108739
128.591333
128.074970
127.571924
127.059563
126.562713
126.057191
125.566938
125.069286
124.589600
124.096778
123.617392
123.134417
122.668611
122.196290
121.733234
53963393.017952
9498347.616338
4387521.222749
2586851.830084
1696742.299066
1227312.109611
942531.739148
747844.051764
603275.216226
494798.052515
410828.157776
347291.636685
297615.157217
257459.671944
224603.194464
197864.709824
175888.080175
157469.569095
141878.025836
128506.274426
116987.155689
106996.901418
98360.244665
90711.224328
84005.982756
78008.896463
72666.438621
67884.914361
63580.182945
59690.949279
56173.481775
53015.154139
50185.761179
47647.108992
45336.587320
43236.103528
41320.669975
39567.403642
37955.248395
36463.287667
35078.127415
33786.862954
32574.672019
31431.940476
30346.887920
29307.691425
28305.540974
27338.096656
26399.543961
25483.689970
24585.410324
23706.367437
22846.464662
22008.112296
21191.493170
20398.831026
19631.538792
18890.283945
18175.888421
17491.490586
16835.089827
16208.226656
15610.009041
15039.293249
14496.744517
13980.138763
13488.775416
13022.319788
12578.593570
12158.793372
11760.337995
11381.363617
11020.569303
10677.052257
10349.260192
10037.014695
9739.721884
9456.196966
9185.206319
8926.361735
8679.044719
8442.824302
8217.352473
8002.449196
7796.396095
7599.276125
7410.507292
7229.540432
7055.994276
6889.316464
6729.687400
6576.422729
6429.472321
6288.513105
6153.436817
6023.628464
5898.923124
5778.834445
5663.339372
5552.354089
5445.461122
5342.337965
5243.015864
5147.094934
5054.494232
4964.907733
4878.209607
4794.501926
4713.899529
4636.293736
4561.116922
4488.323309
4417.541777
4348.598121
4281.486879
4216.058804
4152.203898
4089.783473
4028.732817
3969.008414
3910.485991
3853.081525
3796.699275
3741.358224
3686.915571
3633.339799
3580.683688
3528.760514
3477.470602
3426.764563
3376.680285
3327.108774
3278.048666
3229.438269
3181.327880
3133.683488
3086.488395
3039.685294
2993.293994
2947.280497
2901.691694
2856.531371
2812.589465
2769.180918
2726.216701
2683.662855
2641.616518
2600.009077
2558.844764
2518.090291
2477.809096
2437.967751
2398.631270
2359.780070
2321.447735
2283.602671
2246.306143
2209.516489
2173.302032
2137.697599
2102.654322
2068.139354
2034.223071
2000.856245
1968.061770
1935.803941
1904.219158
1873.306148
1842.983876
1813.175615
1783.959408
1755.259656
1727.133689
1699.527532
1672.481081
1645.977397
1620.012873
1594.537634
1569.599785
1545.165860
1521.250069
1497.813247
1474.874790
1452.387826
1430.363198
1408.774283
1387.629212
1366.923671
1346.692424
1326.878041
1307.476945
1288.474220
1269.876040
1251.649002
1233.808903
1216.324930
1199.187905
1182.396325
1165.926159
1149.801688
1133.993140
1118.499793
1103.311499
1088.423571
1073.825735
1059.509047
1045.485396
1031.724005
1018.207940
1004.996301
992.005881
979.288846
966.771258
954.534218
942.488808
930.693804
919.081130
907.709778
896.516249
885.561667
874.759974
864.211722
853.782299
843.583569
833.518500
823.665182
813.930356
804.412263
795.032270
785.839002
776.763819
767.872048
759.092071
750.485394
741.974398
733.620702
725.373886
717.278351
709.289685
701.445505
693.716794
686.112657
678.636173
671.254778
663.996334
656.842056
649.823580
642.872710
636.067808
629.323924
622.721841
616.179783
609.774261
603.426880
597.221375
591.069180
585.048214
579.084675
573.244916
567.477056
561.809497
556.218501
550.716850
545.288444
539.946333
534.685584
529.507466
524.410693
519.393561
514.441713
509.567260
504.760618
500.023722
495.348385
490.730807
486.188705
481.706916
477.288299
472.947496
468.657478
464.458163
460.276774
456.207419
452.151293
448.194102
444.246992
440.392676
436.552953
432.803003
429.065032
425.413771
421.790341
418.241463
414.709068
411.248876
407.807977
404.441398
401.097011
397.815966
394.567569
391.378354
388.220047
385.093184
382.007578
378.978642
375.970968
373.017395
370.079696
367.188286
364.321998
361.504593
358.709784
355.954687
353.227316
350.551543
347.901359
345.299294
342.699439
340.141220
337.607035
335.110197
332.629761
330.189655
327.773381
325.399412
323.038164
320.715568
318.402832
316.130016
313.889418
311.675400
309.482795
307.317465
305.175982
303.064034
300.972555
298.906257
296.857809
294.851375
292.832512
290.849308
288.871131
286.933091
285.017197
283.119791
281.236844
279.375635
277.530913
275.709270
273.898486
272.107651
270.343058
268.589205
266.865105
265.148159
263.457835
261.774644
260.117998
258.466236
256.830834
255.205924
253.601367
252.011515
250.438843
248.882000
247.342260
245.817833
244.314222
242.826387
241.354994
239.896006
238.451668
237.016552
235.601926
234.198992
232.806501
231.425506
230.059592
228.706532
227.367942
226.039917
224.724817
223.419545
222.128547
220.847602
219.579613
218.322029
217.076744
215.844145
214.622190
213.406280
212.208057
211.020106
209.837293
208.669093
207.513167
206.365419
205.233956
204.112964
203.001026
201.896414
200.794992
199.702825
198.625717
197.550940
196.482766
195.425386
194.381801
193.340716
192.310224
191.287748
190.278112
189.270036
188.274817
187.284859
186.305589
185.333634
184.372284
183.414353
182.467475
181.526416
180.593793
179.672966
178.755650
177.848263
176.942557
176.048518
175.154748
174.273373
173.394622
172.525036
171.658618
170.801573
169.950233
169.101484
168.258525
167.418157
166.588665
165.761794
164.942513
164.127859
163.318805
162.512005
161.715067
160.915871
160.133508
159.349183
158.574420
157.798394
157.034328
156.267545
155.514272
154.758662
154.016163
153.273243
152.541386
151.805641
151.077591
150.350896
149.633665
148.914672
148.211117
147.507609
146.813122
146.114378
145.433993
144.748546
144.073625
143.400049
142.731416
142.065697
141.409864
140.754861
140.110006
139.469431
138.837626
138.202474
137.577699
136.952344
136.336718
135.712785
135.096659
134.479224
133.878317
133.274855
132.682710
132.087670
131.503531
130.915709
130.343145
129.761693
129.192373
128.618480
128.053009
127.482938
126.924677
126.364839
125.815597
125.270045
55968896.587797
9565248.217874
4508717.214732
2674408.554283
1763203.870538
1242866.726448
924154.231748
720635.356451
585126.306194
490465.252714
420692.227025
365096.341175
318170.087684
277159.168396
242263.935724
213459.000020
189674.486044
170004.926353
154120.371233
140888.083341
129381.697446
119214.476081
110153.799463
101971.897139
94584.935604
87890.340943
81864.479578
76380.415877
71369.432205
66754.622254
62494.692032
58549.767068
54914.132990
51566.929359
48465.294052
45602.159811
42962.058513
40529.044556
38282.440098
36208.304681
34297.068479
32535.444201
30936.334973
29452.613459
28075.793760
26800.276730
25611.372141
24503.068335
23471.269725
22505.760759
21600.266387
20751.409768
19954.231946
19203.242745
18494.992537
17825.017466
17190.934541
16591.606317
16025.954679
15488.543623
14976.863429
14489.162474
14024.200722
13581.123253
13159.537652
12759.113575
12376.150102
12009.003164
11657.236228
11319.710395
10995.381026
10683.751068
10383.983858
10095.744838
9818.507958
9551.621467
9294.548409
9047.175890
8809.982279
8581.696029
8361.636106
8149.660283
7945.079313
7747.757729
7557.391071
7373.870198
7196.521830
7024.943071
6859.794167
6700.492055
6546.292907
6396.991039
6252.275312
6112.410946
5976.520583
5845.030476
5717.296124
5593.662782
5473.737970
5357.400021
5244.490662
5134.887100
5028.395661
4925.025252
4824.710792
4727.443337
4632.968499
4541.215984
4451.932096
4365.598883
4281.588956
4200.016610
4120.803542
4043.767821
3968.910662
3896.100626
3825.366219
3756.611509
3689.651254
3624.533143
3561.129228
3499.351572
3439.131079
3380.473016
3323.283906
3267.513043
3213.128603
3160.186626
3108.586013
3058.288717
3009.257000
2961.415533
2914.735980
2869.179028
2824.705997
2781.274938
2738.906581
2697.554333
2657.167628
2617.699160
2579.139975
2541.456982
2504.641032
2468.689238
2433.543552
2399.177857
2365.554950
2332.649794
2300.460571
2268.954824
2238.185556
2208.094578
2178.687276
2149.895050
2121.708438
2094.088863
2067.033867
2040.519592
2014.525533
1989.112530
1964.237294
1939.851335
1915.928995
1892.456934
1869.426311
1846.828989
1824.682575
1802.994625
1781.719182
1760.876443
1740.451028
1720.388797
1700.784494
1681.506459
1662.628342
1644.056817
1625.846220
1607.921510
1590.347736
1573.059851
1556.157946
1539.532678
1523.234943
1507.172017
1491.417386
1475.896770
1460.657149
1445.683270
1430.938557
1416.448987
1402.209700
1388.298373
1374.589178
1361.120794
1347.851843
1334.810570
1321.952624
1309.323755
1296.889657
1284.685013
1272.659856
1260.836087
1249.181005
1237.699853
1226.394781
1215.265788
1204.301747
1193.523576
1182.898121
1172.445361
1162.119324
1152.028593
1141.983313
1132.182260
1122.425392
1112.895078
1103.410779
1094.144054
1084.923328
1075.909849
1066.943923
1058.178157
1049.470471
1040.939658
1032.468014
1024.168603
1015.948270
1007.869437
999.870669
992.008153
984.220263
976.563317
968.979914
961.541954
954.159571
946.920595
939.736413
932.687671
925.696736
918.831460
912.013429
905.328672
898.690143
892.180252
885.734522
879.385459
873.116250
866.940723
860.836739
854.821628
848.878522
843.024394
837.242497
831.550191
825.907827
820.351683
814.857631
809.446292
804.093830
798.824640
793.618024
788.487136
783.416630
778.421130
773.488492
768.627923
763.838842
759.093782
754.434296
749.817122
745.281315
740.787385
736.370506
731.985128
727.661926
723.386382
719.209863
715.075337
711.018008
707.001967
703.058436
699.155417
695.321631
691.537080
687.889698
684.279876
680.749329
677.255302
673.830254
670.434340
667.098275
663.810049
660.563063
657.361347
654.198294
651.080941
648.002286
644.967733
641.976374
639.017306
636.093104
633.205762
630.349175
627.536926
624.746967
621.992177
619.267059
616.573062
613.938470
611.310285
608.724915
606.149246
603.602541
601.070246
598.563290
596.048914
593.589072
591.117735
588.690141
586.252734
583.853070
581.443844
579.068345
576.686267
574.336082
571.964618
569.626485
567.273177
564.951212
562.602951
560.289316
557.950531
555.632037
553.288716
550.970066
548.625959
546.302843
543.953338
541.631158
539.286799
536.950072
534.600519
532.255031
529.895460
527.539277
525.164886
522.792772
520.402055
518.013073
515.605842
513.199277
510.775164
508.350980
505.915005
503.470606
501.019803
498.558305
496.093714
493.623553
491.147110
488.661714
486.171967
483.673133
481.170425
478.660209
476.145824
473.625642
471.103338
468.573839
466.043095
463.512009
460.981926
458.442132
455.907462
453.364471
450.831185
448.291617
445.767049
443.231751
440.713236
438.185103
435.669393
433.154592
430.644992
428.140827
425.647411
423.153834
420.681453
418.209211
415.751100
413.299002
410.858838
408.429643
406.013368
403.608956
401.216525
398.832862
396.467283
394.107715
391.773156
389.452057
387.144431
384.850811
382.574475
380.312217
378.070096
375.838771
373.623352
371.424429
369.246785
367.080809
364.933590
362.799443
360.685338
358.584866
356.501466
354.436100
352.388546
350.354880
348.340616
346.341963
344.364233
342.402846
340.458660
338.533531
336.626200
334.736346
332.859887
331.001807
329.161518
327.331215
325.522509
323.725201
321.950208
320.188543
318.446519
316.716042
315.005356
313.307722
311.627946
309.960990
308.313282
306.679583
305.062892
303.458581
301.876432
300.307516
298.753576
297.211184
295.685480
294.176641
292.681898
291.200720
289.731942
288.275860
286.835067
285.406718
283.992569
282.588126
281.197455
279.817644
278.452910
277.099393
275.762454
274.437940
273.120054
271.817195
270.520496
269.240489
267.965993
266.709516
265.454124
264.217443
262.983483
261.767976
260.558615
259.366566
258.183683
257.015734
255.852086
254.702379
253.555229
252.420507
251.292837
250.174743
249.061714
247.960886
246.863852
245.781492
244.706290
243.637377
242.580646
241.532479
240.487118
239.452578
238.421507
237.399483
236.380977
235.373814
