Se van a leer: 15000 imgs Training, 500 imgs Test 
1 96 404 0.192
2 94 406 0.188
3 97 403 0.194
4 97 403 0.194
5 97 403 0.194
6 132 368 0.264
7 146 354 0.292
8 140 360 0.28
9 143 357 0.286
10 147 353 0.294
11 154 346 0.308
12 159 341 0.318
13 164 336 0.328
14 150 350 0.3
15 153 347 0.306
16 155 345 0.31
17 165 335 0.33
18 175 325 0.35
19 174 326 0.348
20 172 328 0.344
21 173 327 0.346
22 174 326 0.348
23 170 330 0.34
24 170 330 0.34
25 170 330 0.34
26 180 320 0.36
27 180 320 0.36
28 184 316 0.368
29 185 315 0.37
30 187 313 0.374
31 192 308 0.384
32 212 288 0.424
33 216 284 0.432
34 230 270 0.46
35 231 269 0.462
36 239 261 0.478
37 242 258 0.484
38 250 250 0.5
39 257 243 0.514
40 259 241 0.518
41 261 239 0.522
42 265 235 0.53
43 260 240 0.52
44 257 243 0.514
45 261 239 0.522
46 262 238 0.524
47 269 231 0.538
48 265 235 0.53
49 269 231 0.538
50 278 222 0.556
51 274 226 0.548
52 277 223 0.554
53 276 224 0.552
54 275 225 0.55
55 276 224 0.552
56 271 229 0.542
57 273 227 0.546
58 270 230 0.54
59 281 219 0.562
60 278 222 0.556
61 286 214 0.572
62 297 203 0.594
63 301 199 0.602
64 297 203 0.594
65 294 206 0.588
66 296 204 0.592
67 296 204 0.592
68 294 206 0.588
69 292 208 0.584
70 292 208 0.584
71 296 204 0.592
72 293 207 0.586
73 290 210 0.58
74 291 209 0.582
75 293 207 0.586
76 297 203 0.594
77 295 205 0.59
78 295 205 0.59
79 296 204 0.592
80 291 209 0.582
81 294 206 0.588
82 298 202 0.596
83 298 202 0.596
84 294 206 0.588
85 295 205 0.59
86 292 208 0.584
87 298 202 0.596
88 296 204 0.592
89 300 200 0.6
90 300 200 0.6
91 300 200 0.6
92 300 200 0.6
93 301 199 0.602
94 296 204 0.592
95 300 200 0.6
96 306 194 0.612
97 302 198 0.604
98 304 196 0.608
99 308 192 0.616
