Se van a leer: 30000 imgs Training, 500 imgs Test 
1 89 411 0.178
2 83 417 0.166
3 101 399 0.202
4 101 399 0.202
5 103 397 0.206
6 106 394 0.212
7 101 399 0.202
8 107 393 0.214
9 108 392 0.216
10 112 388 0.224
11 117 383 0.234
12 113 387 0.226
13 128 372 0.256
14 135 365 0.27
15 135 365 0.27
16 151 349 0.302
17 157 343 0.314
18 167 333 0.334
19 159 341 0.318
20 162 338 0.324
21 160 340 0.32
22 163 337 0.326
23 162 338 0.324
24 166 334 0.332
25 166 334 0.332
26 166 334 0.332
27 171 329 0.342
28 180 320 0.36
29 196 304 0.392
30 198 302 0.396
31 202 298 0.404
32 202 298 0.404
33 225 275 0.45
34 226 274 0.452
35 225 275 0.45
36 231 269 0.462
37 235 265 0.47
38 240 260 0.48
39 241 259 0.482
40 240 260 0.48
41 243 257 0.486
42 242 258 0.484
43 240 260 0.48
44 239 261 0.478
45 239 261 0.478
46 239 261 0.478
47 241 259 0.482
48 241 259 0.482
49 244 256 0.488
50 236 264 0.472
51 231 269 0.462
52 242 258 0.484
53 242 258 0.484
54 243 257 0.486
55 240 260 0.48
56 247 253 0.494
57 250 250 0.5
58 252 248 0.504
59 254 246 0.508
60 256 244 0.512
61 257 243 0.514
62 261 239 0.522
63 267 233 0.534
64 265 235 0.53
65 264 236 0.528
66 265 235 0.53
67 266 234 0.532
68 266 234 0.532
69 266 234 0.532
70 267 233 0.534
71 268 232 0.536
72 267 233 0.534
73 269 231 0.538
74 271 229 0.542
75 274 226 0.548
76 275 225 0.55
77 272 228 0.544
78 275 225 0.55
79 274 226 0.548
80 280 220 0.56
81 280 220 0.56
82 278 222 0.556
83 279 221 0.558
84 278 222 0.556
85 284 216 0.568
86 289 211 0.578
87 291 209 0.582
88 293 207 0.586
89 298 202 0.596
90 295 205 0.59
91 293 207 0.586
92 293 207 0.586
93 293 207 0.586
94 293 207 0.586
95 293 207 0.586
96 290 210 0.58
97 295 205 0.59
98 296 204 0.592
99 295 205 0.59
