Se van a leer: 5000 imgs Training, 500 imgs Test 
1 89 411 0.178
2 84 416 0.168
3 87 413 0.174
4 107 393 0.214
5 89 411 0.178
6 85 415 0.17
7 123 377 0.246
8 112 388 0.224
9 127 373 0.254
10 133 367 0.266
11 145 355 0.29
12 145 355 0.29
13 149 351 0.298
14 154 346 0.308
15 147 353 0.294
16 151 349 0.302
17 149 351 0.298
18 149 351 0.298
19 153 347 0.306
20 156 344 0.312
21 170 330 0.34
22 181 319 0.362
23 158 342 0.316
24 171 329 0.342
25 181 319 0.362
26 185 315 0.37
27 189 311 0.378
28 192 308 0.384
29 189 311 0.378
30 207 293 0.414
31 214 286 0.428
32 219 281 0.438
33 224 276 0.448
34 230 270 0.46
35 230 270 0.46
36 229 271 0.458
37 231 269 0.462
38 231 269 0.462
39 234 266 0.468
40 232 268 0.464
41 239 261 0.478
42 239 261 0.478
43 229 271 0.458
44 243 257 0.486
45 247 253 0.494
46 252 248 0.504
47 256 244 0.512
48 255 245 0.51
49 254 246 0.508
50 257 243 0.514
51 258 242 0.516
52 260 240 0.52
53 263 237 0.526
54 262 238 0.524
55 266 234 0.532
56 266 234 0.532
57 266 234 0.532
58 266 234 0.532
59 267 233 0.534
60 270 230 0.54
61 266 234 0.532
62 263 237 0.526
63 270 230 0.54
64 272 228 0.544
65 272 228 0.544
66 276 224 0.552
67 274 226 0.548
68 276 224 0.552
69 278 222 0.556
70 282 218 0.564
71 282 218 0.564
72 279 221 0.558
73 284 216 0.568
74 284 216 0.568
75 287 213 0.574
76 289 211 0.578
77 289 211 0.578
78 292 208 0.584
79 294 206 0.588
80 295 205 0.59
81 297 203 0.594
82 297 203 0.594
83 297 203 0.594
84 295 205 0.59
85 299 201 0.598
86 293 207 0.586
87 293 207 0.586
88 294 206 0.588
89 293 207 0.586
90 299 201 0.598
91 309 191 0.618
92 306 194 0.612
93 311 189 0.622
94 309 191 0.618
95 313 187 0.626
96 315 185 0.63
97 313 187 0.626
98 310 190 0.62
99 311 189 0.622
