0.584
0.564
0.584
0.604
0.626
0.636
0.634
0.614
0.598
0.592
0.598
0.6
0.612
0.594
0.618
0.59
0.578
0.586
0.574
0.586
0.594
0.59
0.576
0.576
0.602
0.58
0.576
0.588
0.566
0.584
0.572
0.592
0.588
0.628
0.604
0.628
0.612
0.608
0.604
0.592
0.578
0.578
0.63
0.576
0.592
0.594
0.568
0.588
0.542
0.608
0.622
0.576
0.6
0.606
0.594
0.57
0.58
0.564
0.57
0.586
0.52
0.56
0.568
0.574
0.58
0.558
0.588
0.576
0.574
0.584
0.59
0.588
0.582
0.628
0.568
0.586
0.55
0.582
0.59
0.612
0.596
0.614
0.616
0.546
0.606
0.558
0.584
0.554
0.622
0.59
0.562
0.606
0.55
0.606
0.602
0.616
0.576
0.608
0.538
0.586
0.598
0.596
0.604
0.586
0.554
0.578
0.584
0.604
0.586
0.592
0.574
0.57
0.566
0.614
0.57
0.636
0.552
0.598
0.604
0.604
0.582
0.592
0.582
0.598
0.572
0.596
0.606
0.598
0.58
0.63
0.598
0.618
0.598
0.622
0.58
0.614
0.572
0.608
0.582
0.63
0.596
0.594
0.576
0.618
0.606
0.624
0.644
0.592
0.604
0.58
0.596
0.576
0.586
0.598
0.614
0.612
0.628
0.63
0.61
0.628
0.614
0.632
0.598
0.61
0.526
0.53
0.538
0.574
0.608
0.6
0.572
0.592
0.576
0.63
0.518
0.608
0.57
0.624
0.572
0.634
0.566
0.654
0.61
0.632
0.616
0.608
0.622
0.632
0.61
0.628
0.592
0.634
0.61
0.634
0.598
0.618
0.61
0.61
0.564
0.616
0.594
0.592
0.6
0.626
0.626
0.618
0.606
0.614
0.644
0.594
0.63
0.632
0.628
0.618
0.572
0.59
0.568
0.578
0.598
0.606
0.598
0.614
0.62
0.638
0.624
0.592
0.614
0.582
0.584
0.594
0.594
0.588
0.588
0.578
0.602
0.608
0.604
0.628
0.576
0.608
0.598
0.606
0.604
0.63
0.57
0.618
0.618
0.614
0.592
0.59
0.594
0.594
0.588
0.596
0.602
0.594
0.582
0.582
0.59
0.586
0.584
0.576
0.594
0.624
0.602
0.59
0.588
0.6
0.596
0.622
0.612
0.602
0.62
0.612
0.612
0.614
0.614
0.61
0.634
0.61
0.624
0.6
0.63
0.6
0.612
0.592
0.598
0.61
0.634
0.61
0.61
0.602
0.614
0.596
0.63
0.592
0.628
0.582
0.606
0.552
0.582
0.54
0.596
0.546
0.584
0.576
0.586
0.522
0.574
0.576
0.582
0.59
0.582
0.58
0.598
0.578
0.578
0.586
0.58
0.582
0.566
0.586
0.572
0.594
0.55
0.572
0.576
0.568
0.594
0.574
0.576
0.564
0.556
0.57
0.568
0.568
0.574
0.554
0.568
0.562
0.594
0.534
0.57
0.554
0.598
0.56
0.578
0.562
0.566
0.524
0.574
0.53
0.564
0.548
0.586
0.532
0.582
0.53
0.596
0.56
0.596
0.572
0.568
0.558
0.584
0.55
0.612
0.602
0.616
0.586
0.588
0.592
0.596
0.59
0.568
0.608
0.566
0.626
0.614
0.62
0.64
0.58
0.584
0.596
0.598
0.578
0.598
0.572
0.568
0.574
0.56
0.578
0.562
0.564
0.59
0.554
0.582
0.568
0.6
0.598
0.602
0.592
0.596
0.602
0.614
0.616
0.624
0.584
0.606
0.614
0.61
0.628
0.604
0.618
0.608
0.59
0.616
0.608
0.586
0.582
0.602
0.6
0.6
0.588
0.6
0.57
0.582
0.582
0.58
0.574
0.584
0.548
0.582
0.558
0.578
0.564
0.578
0.568
0.61
0.544
0.6
0.548
0.61
0.584
0.588
0.556
0.604
0.552
0.604
0.552
0.598
0.574
0.604
0.542
0.58
0.544
0.596
0.53
0.63
0.514
0.596
0.53
0.634
0.564
0.594
0.566
0.616
0.566
0.58
0.584
0.586
0.578
0.584
0.618
0.592
0.6
0.582
0.604
0.558
0.586
0.586
0.568
0.608
0.604
0.62
0.54
0.61
0.578
0.614
0.572
0.628
0.578
0.61
0.56
0.604
0.562
0.622
0.582
0.624
0.858
0.86
0.842
0.83
0.838
0.844
0.838
0.824
0.83
0.848
0.846
0.854
0.844
0.852
0.85
0.828
0.83
0.832
0.836
0.818
0.84
0.818
0.812
0.812
0.814
0.798
0.8
0.792
0.792
0.806
0.798
0.788
0.814
0.808
0.818
0.798
0.812
0.778
0.808
0.784
0.802
0.798
0.812
0.794
0.78
0.78
0.8
0.804
0.794
0.772
0.806
0.816
0.792
0.8
0.762
0.784
0.794
0.792
0.816
0.83
0.81
0.796
0.81
0.814
0.83
0.796
0.798
0.798
0.818
0.792
0.79
0.81
0.824
0.846
0.81
0.814
0.808
0.79
0.82
0.826
0.826
0.788
0.786
0.8
0.808
0.806
0.794
0.808
0.806
0.804
0.798
0.802
0.796
0.792
0.798
0.806
0.818
0.81
0.804
0.818
0.802
0.802
0.788
0.816
0.818
0.8
0.806
0.828
0.804
0.808
0.814
0.788
0.808
0.808
0.812
0.8
0.786
0.846
0.81
0.82
0.818
0.824
0.816
0.81
0.802
0.784
0.82
0.8
0.804
0.812
0.834
0.826
0.792
0.824
0.792
0.808
0.788
0.8
0.794
0.81
0.812
0.796
0.816
0.78
0.81
0.784
0.808
0.772
0.812
0.788
0.794
0.79
0.798
0.782
0.786
0.806
0.8
0.798
0.798
0.794
0.798
0.778
0.81
0.786
0.812
0.804
0.816
0.796
0.798
0.808
0.784
0.804
0.8
0.8
0.792
0.78
0.784
0.766
0.776
0.796
0.78
0.786
0.772
0.798
0.784
0.778
0.796
0.766
0.794
0.78
0.784
0.784
0.796
0.806
0.806
0.834
0.808
0.81
0.804
0.816
0.796
0.81
0.796
0.798
0.788
0.8
0.794
0.802
0.784
0.806
0.78
0.826
0.802
0.814
0.786
0.822
0.77
0.818
0.776
0.798
0.796
0.82
0.79
0.824
0.818
0.822
0.802
0.824
0.8
0.822
0.798
0.83
0.792
0.808
0.788
0.828
0.796
0.822
0.786
0.816
0.804
0.816
0.79
0.842
0.808
0.83
0.806
0.828
0.804
0.818
0.802
0.808
0.806
0.814
0.802
0.806
0.812
0.828
0.802
0.82
0.814
0.82
0.794
0.818
0.782
0.808
0.796
0.846
0.79
0.836
0.774
0.838
0.798
0.826
0.8
0.812
0.8
0.784
0.792
0.798
0.784
0.812
0.79
0.81
0.782
0.818
0.786
0.804
0.804
0.818
0.802
0.826
0.78
0.816
0.804
0.828
0.84
0.838
0.794
0.842
0.824
0.834
0.818
0.838
0.802
0.818
0.786
0.82
0.772
0.824
0.778
0.832
0.79
0.812
0.79
0.812
0.79
0.808
0.782
0.798
0.774
0.82
0.774
0.816
0.768
0.812
0.79
0.82
0.778
0.808
0.762
0.812
0.772
0.838
0.792
0.806
0.786
0.822
0.782
0.832
0.78
0.824
0.784
0.824
0.77
0.826
0.784
0.818
0.77
0.816
0.762
0.808
0.774
0.814
0.792
0.8
0.792
0.798
0.788
0.794
0.762
0.794
0.772
0.8
0.76
0.804
0.778
0.796
0.778
0.796
0.784
0.79
0.776
0.784
0.782
0.81
0.774
0.794
0.78
0.8
0.794
0.798
0.788
0.804
0.792
0.814
0.796
0.804
0.798
0.82
0.834
0.806
0.816
0.808
0.808
0.81
0.794
0.814
0.788
0.8
0.778
0.806
0.796
0.784
0.814
0.802
0.796
0.798
0.812
0.784
0.818
0.792
0.816
0.826
0.8
0.824
0.802
0.786
0.788
0.788
0.788
0.784
0.8
0.786
0.81
0.802
0.814
0.806
0.81
0.796
0.806
0.824
0.81
0.794
0.81
0.806
0.82
0.802
0.8
0.794
0.816
0.814
0.824
0.814
0.804
0.81
0.816
0.818
0.822
0.82
0.826
0.828
0.836
0.812
0.834
0.806
0.82
0.8
0.802
0.794
0.812
0.79
0.812
0.802
0.808
0.804
0.808
0.812
0.802
0.822
0.81
0.822
0.81
0.828
0.82
0.828
0.826
0.798
0.786
0.816
0.786
0.82
0.796
0.824
0.79
0.784
0.794
0.802
0.792
0.818
0.784
0.836
0.786
0.818
0.808
0.82
0.8
0.814
0.788
0.89
0.886
0.89
0.88
0.864
0.864
0.866
0.86
0.868
0.862
0.87
0.862
0.878
0.862
0.86
0.862
0.866
0.862
0.858
0.86
0.866
0.862
0.862
0.828
0.838
0.82
0.84
0.818
0.836
0.838
0.832
0.84
0.838
0.844
0.832
0.852
0.842
0.838
0.822
0.828
0.846
0.846
0.828
0.834
0.846
0.834
0.822
0.836
0.864
0.842
0.85
0.83
0.844
0.866
0.838
0.836
0.856
0.842
0.81
0.84
0.82
0.838
0.832
0.83
0.826
0.828
0.832
0.822
0.844
0.826
0.826
0.808
0.826
0.838
0.822
0.828
0.816
0.802
0.82
0.828
0.822
0.848
0.854
0.818
0.824
0.818
0.832
0.83
0.844
0.826
0.846
0.83
0.816
0.828
0.824
0.804
0.816
0.826
0.82
0.792
0.824
0.818
0.808
0.814
0.81
0.81
0.86
0.802
0.838
0.828
0.826
0.81
0.84
0.81
0.85
0.826
0.84
0.824
0.808
0.832
0.824
0.818
0.824
0.824
0.81
0.838
0.826
0.842
0.836
0.836
0.85
0.814
0.834
0.824
0.82
0.824
0.83
0.808
0.826
0.792
0.826
0.794
0.832
0.816
0.816
0.806
0.85
0.808
0.836
0.82
0.838
0.832
0.85
0.83
0.842
0.834
0.84
0.844
0.832
0.828
0.83
0.806
0.816
0.826
0.86
0.814
0.84
0.842
0.834
0.826
0.85
0.806
0.848
0.796
0.832
0.792
0.856
0.806
0.874
0.798
0.828
0.816
0.838
0.83
0.848
0.822
0.83
0.838
0.812
0.82
0.826
0.808
0.828
0.826
0.846
0.832
0.844
0.828
0.828
0.838
0.814
0.818
0.856
0.812
0.826
0.812
0.838
0.818
0.834
0.834
0.83
0.802
0.826
0.824
0.832
0.836
0.832
0.838
0.826
0.846
0.832
0.836
0.824
0.834
0.848
0.83
0.836
0.83
0.858
0.824
0.874
0.82
0.858
0.82
0.854
0.836
0.812
0.828
0.81
0.832
0.818
0.842
0.81
0.836
0.824
0.842
0.834
0.824
0.856
0.838
0.828
0.818
0.824
0.808
0.858
0.794
0.84
0.822
0.846
0.824
0.844
0.816
0.834
0.81
0.856
0.814
0.832
0.832
0.838
0.84
0.842
0.842
0.828
0.844
0.816
0.836
0.824
0.836
0.822
0.832
0.816
0.822
0.826
0.816
0.82
0.822
0.814
0.826
0.808
0.82
0.81
0.822
0.818
0.806
0.826
0.818
0.842
0.808
0.846
0.818
0.828
0.826
0.83
0.836
0.838
0.83
0.826
0.826
0.844
0.83
0.836
0.826
0.844
0.818
0.836
0.816
0.838
0.838
0.842
0.826
0.848
0.842
0.846
0.844
0.842
0.842
0.854
0.83
0.816
0.826
0.838
0.83
0.854
0.82
0.846
0.822
0.842
0.832
0.826
0.834
0.834
0.836
0.834
0.834
0.818
0.844
0.83
0.86
0.826
0.854
0.82
0.864
0.822
0.838
0.832
0.844
0.834
0.83
0.834
0.824
0.834
0.822
0.84
0.814
0.818
0.808
0.826
0.812
0.816
0.792
0.82
0.794
0.828
0.794
0.828
0.802
0.836
0.806
0.818
0.812
0.842
0.818
0.844
0.806
0.826
0.806
0.838
0.806
0.82
0.806
0.84
0.816
0.824
0.818
0.816
0.796
0.83
0.814
0.82
0.802
0.812
0.822
0.824
0.81
0.834
0.796
0.834
0.804
0.83
0.81
0.834
0.816
0.83
0.81
0.824
0.822
0.824
0.82
0.824
0.82
0.832
0.818
0.836
0.82
0.826
0.82
0.836
0.826
0.824
0.814
0.826
0.802
0.828
0.796
0.818
0.808
0.818
0.798
0.818
0.81
0.812
0.81
0.806
0.836
0.836
0.808
0.8
0.812
0.8
0.822
0.806
0.842
0.822
0.836
0.804
0.836
0.818
0.842
0.818
0.84
0.812
0.83
0.818
0.836
0.828
0.828
0.838
0.818
0.82
0.794
0.82
0.818
0.816
0.812
0.81
0.8
0.822
0.792
0.816
0.792
0.822
0.802
0.814
0.794
0.832
0.794
0.832
0.792
0.798
0.794
0.81
0.814
0.812
0.812
0.81
0.816
0.822
0.828
0.824
