0.548
0.486
0.436
0.452
0.474
0.46
0.434
0.438
0.44
0.45
0.448
0.462
0.462
0.452
0.46
0.434
0.462
0.444
0.43
0.434
0.446
0.476
0.476
0.436
0.45
0.448
0.434
0.446
0.42
0.458
0.4
0.392
0.46
0.464
0.398
0.478
0.442
0.46
0.444
0.458
0.412
0.456
0.434
0.474
0.432
0.42
0.412
0.442
0.446
0.432
0.42
0.43
0.438
0.428
0.428
0.422
0.386
0.492
0.396
0.408
0.422
0.408
0.388
0.432
0.466
0.44
0.414
0.408
0.394
0.442
0.42
0.466
0.436
0.408
0.424
0.388
0.396
0.418
0.41
0.478
0.41
0.398
0.378
0.432
0.436
0.39
0.434
0.398
0.346
0.38
0.4
0.396
0.408
0.384
0.382
0.396
0.402
0.416
0.422
0.42
0.47
0.352
0.426
0.408
0.42
0.408
0.426
0.42
0.444
0.382
0.438
0.44
0.404
0.452
0.398
0.438
0.444
0.4
0.458
0.42
0.452
0.41
0.412
0.402
0.442
0.454
0.436
0.446
0.424
0.41
0.422
0.426
0.43
0.428
0.426
0.462
0.386
0.44
0.382
0.406
0.398
0.412
0.378
0.444
0.422
0.446
0.428
0.432
0.42
0.434
0.454
0.452
0.416
0.444
0.412
0.46
0.436
0.446
0.426
0.438
0.438
0.45
0.414
0.436
0.416
0.436
0.41
0.436
0.404
0.426
0.406
0.45
0.414
0.444
0.384
0.426
0.396
0.432
0.37
0.454
0.408
0.412
0.414
0.428
0.4
0.416
0.404
0.46
0.404
0.448
0.414
0.448
0.406
0.438
0.41
0.426
0.414
0.43
0.428
0.41
0.4
0.412
0.428
0.416
0.454
0.428
0.45
0.438
0.426
0.452
0.432
0.482
0.43
0.462
0.436
0.446
0.438
0.478
0.426
0.492
0.438
0.454
0.424
0.458
0.444
0.45
0.44
0.45
0.424
0.45
0.438
0.436
0.422
0.458
0.456
0.46
0.456
0.478
0.43
0.442
0.412
0.46
0.424
0.456
0.448
0.478
0.434
0.456
0.444
0.46
0.456
0.472
0.462
0.454
0.44
0.448
0.458
0.5
0.452
0.49
0.436
0.5
0.45
0.478
0.438
0.438
0.446
0.438
0.446
0.444
0.414
0.468
0.422
0.47
0.434
0.438
0.434
0.47
0.424
0.472
0.418
0.464
0.422
0.436
0.414
0.46
0.406
0.486
0.414
0.488
0.398
0.466
0.396
0.466
0.388
0.462
0.398
0.47
0.394
0.452
0.398
0.466
0.426
0.442
0.434
0.46
0.418
0.448
0.44
0.474
0.416
0.466
0.422
0.466
0.396
0.432
0.406
0.42
0.41
0.438
0.402
0.422
0.418
0.414
0.412
0.418
0.418
0.462
0.412
0.458
0.446
0.428
0.442
0.436
0.414
0.442
0.434
0.45
0.408
0.436
0.452
0.43
0.452
0.432
0.424
0.444
0.436
0.43
0.434
0.434
0.446
0.432
0.446
0.436
0.454
0.454
0.472
0.448
0.464
0.464
0.472
0.448
0.452
0.456
0.462
0.462
0.46
0.456
0.44
0.448
0.436
0.48
0.446
0.488
0.466
0.472
0.478
0.442
0.462
0.438
0.464
0.436
0.48
0.42
0.46
0.44
0.474
0.442
0.456
0.434
0.45
0.432
0.45
0.436
0.462
0.43
0.456
0.422
0.44
0.428
0.432
0.416
0.418
0.406
0.406
0.426
0.402
0.404
0.43
0.414
0.43
0.426
0.438
0.422
0.428
0.434
0.412
0.458
0.426
0.456
0.406
0.416
0.41
0.43
0.416
0.428
0.466
0.446
0.462
0.432
0.452
0.436
0.452
0.444
0.452
0.448
0.456
0.458
0.46
0.46
0.452
0.47
0.45
0.476
0.468
0.478
0.47
0.448
0.424
0.458
0.476
0.452
0.484
0.472
0.448
0.474
0.464
0.474
0.482
0.48
0.462
0.476
0.464
0.47
0.456
0.464
0.458
0.444
0.452
0.448
0.438
0.45
0.444
0.436
0.476
0.392
0.46
0.414
0.456
0.406
0.44
0.432
0.442
0.42
0.464
0.44
0.446
0.442
0.422
0.45
0.466
0.4
0.468
0.428
0.442
0.444
0.45
0.432
0.452
0.568
0.538
0.484
0.468
0.474
0.458
0.468
0.464
0.468
0.476
0.432
0.44
0.426
0.402
0.404
0.42
0.388
0.424
0.424
0.454
0.434
0.416
0.456
0.432
0.456
0.482
0.472
0.458
0.466
0.476
0.4
0.42
0.436
0.466
0.454
0.448
0.48
0.43
0.434
0.428
0.44
0.396
0.442
0.394
0.408
0.39
0.458
0.456
0.454
0.436
0.436
0.454
0.424
0.474
0.446
0.464
0.446
0.444
0.428
0.472
0.404
0.438
0.432
0.442
0.492
0.432
0.488
0.48
0.452
0.452
0.45
0.472
0.484
0.478
0.41
0.394
0.434
0.454
0.41
0.432
0.404
0.428
0.432
0.466
0.396
0.484
0.456
0.454
0.448
0.418
0.444
0.464
0.458
0.428
0.446
0.43
0.45
0.438
0.416
0.438
0.48
0.442
0.404
0.442
0.446
0.416
0.436
0.414
0.438
0.486
0.484
0.422
0.418
0.418
0.436
0.448
0.458
0.45
0.412
0.434
0.432
0.42
0.438
0.404
0.43
0.424
0.428
0.448
0.432
0.444
0.43
0.432
0.472
0.434
0.466
0.43
0.444
0.436
0.458
0.458
0.464
0.45
0.454
0.438
0.424
0.434
0.442
0.426
0.44
0.45
0.432
0.42
0.408
0.422
0.424
0.43
0.418
0.448
0.43
0.436
0.414
0.436
0.412
0.416
0.45
0.41
0.416
0.422
0.436
0.444
0.42
0.436
0.444
0.424
0.446
0.444
0.456
0.422
0.47
0.408
0.448
0.412
0.464
0.422
0.478
0.414
0.48
0.444
0.47
0.452
0.452
0.466
0.48
0.476
0.452
0.446
0.448
0.434
0.424
0.45
0.432
0.454
0.446
0.456
0.446
0.45
0.438
0.45
0.458
0.446
0.45
0.458
0.444
0.468
0.436
0.464
0.422
0.468
0.424
0.454
0.44
0.434
0.448
0.444
0.424
0.442
0.422
0.462
0.412
0.448
0.414
0.47
0.428
0.464
0.424
0.452
0.428
0.444
0.462
0.474
0.434
0.468
0.432
0.448
0.452
0.432
0.41
0.458
0.42
0.452
0.418
0.466
0.452
0.48
0.446
0.466
0.442
0.458
0.426
0.46
0.42
0.448
0.422
0.456
0.404
0.434
0.44
0.432
0.414
0.44
0.434
0.436
0.442
0.446
0.418
0.456
0.446
0.458
0.432
0.456
0.438
0.454
0.436
0.444
0.412
0.446
0.452
0.428
0.434
0.436
0.432
0.446
0.446
0.438
0.436
0.448
0.466
0.46
0.46
0.456
0.45
0.454
0.448
0.444
0.444
0.446
0.454
0.478
0.414
0.448
0.426
0.45
0.448
0.492
0.41
0.468
0.436
0.424
0.378
0.406
0.434
0.446
0.448
0.428
0.436
0.444
0.426
0.428
0.422
0.444
0.422
0.422
0.448
0.43
0.424
0.452
0.442
0.438
0.442
0.468
0.456
0.46
0.454
0.468
0.446
0.46
0.448
0.484
0.474
0.472
0.444
0.47
0.442
0.456
0.428
0.446
0.432
0.448
0.408
0.46
0.468
0.466
0.458
0.448
0.44
0.486
0.46
0.502
0.448
0.466
0.414
0.46
0.444
0.482
0.448
0.468
0.45
0.444
0.462
0.478
0.462
0.456
0.462
0.462
0.482
0.45
0.452
0.424
0.418
0.41
0.408
0.392
0.41
0.398
0.432
0.434
0.424
0.44
0.448
0.434
0.442
0.436
0.402
0.424
0.444
0.442
0.446
0.46
0.45
0.41
0.412
0.474
0.426
0.478
0.416
0.496
0.402
0.498
0.426
0.474
0.438
0.442
0.442
0.45
0.444
0.446
0.44
0.448
0.442
0.446
0.438
0.44
0.456
0.458
0.452
0.456
0.438
0.442
0.45
0.418
0.448
0.416
0.442
0.448
0.458
0.452
0.42
0.466
0.426
0.464
0.43
0.454
0.43
0.456
0.424
0.448
0.426
0.424
0.466
0.466
0.436
0.422
0.412
0.412
0.426
0.418
0.438
0.414
0.41
0.434
0.396
0.438
0.416
0.428
0.436
0.414
0.412
0.442
0.446
0.44
0.45
0.462
0.462
0.446
0.432
0.462
0.462
0.432
0.448
0.426
0.442
0.424
0.438
0.434
0.44
0.428
0.45
0.432
0.446
0.624
0.562
0.478
0.488
0.476
0.448
0.436
0.444
0.452
0.446
0.458
0.468
0.418
0.452
0.46
0.462
0.476
0.4
0.456
0.45
0.418
0.46
0.406
0.438
0.424
0.42
0.4
0.408
0.44
0.478
0.46
0.406
0.478
0.416
0.444
0.424
0.404
0.41
0.39
0.402
0.392
0.44
0.43
0.42
0.434
0.434
0.44
0.444
0.456
0.394
0.45
0.44
0.454
0.45
0.436
0.422
0.42
0.444
0.45
0.414
0.462
0.42
0.442
0.408
0.4
0.416
0.452
0.442
0.462
0.426
0.442
0.448
0.484
0.432
0.466
0.436
0.448
0.448
0.408
0.426
0.416
0.44
0.406
0.426
0.424
0.422
0.48
0.43
0.408
0.41
0.414
0.44
0.462
0.418
0.436
0.45
0.448
0.436
0.428
0.438
0.444
0.442
0.466
0.41
0.404
0.446
0.402
0.444
0.422
0.446
0.44
0.472
0.412
0.45
0.442
0.464
0.442
0.43
0.422
0.406
0.446
0.412
0.404
0.44
0.418
0.394
0.444
0.42
0.422
0.44
0.438
0.412
0.41
0.45
0.424
0.444
0.422
0.406
0.438
0.396
0.47
0.438
0.438
0.41
0.442
0.42
0.426
0.456
0.454
0.424
0.46
0.422
0.424
0.41
0.432
0.458
0.444
0.452
0.43
0.422
0.426
0.408
0.45
0.424
0.436
0.412
0.412
0.452
0.44
0.462
0.434
0.446
0.442
0.38
0.452
0.41
0.446
0.412
0.446
0.426
0.444
0.402
0.442
0.41
0.442
0.408
0.466
0.436
0.446
0.424
0.462
0.446
0.418
0.418
0.484
0.452
0.428
0.464
0.44
0.44
0.438
0.44
0.436
0.438
0.43
0.44
0.466
0.404
0.442
0.406
0.408
0.426
0.408
0.406
0.364
0.412
0.398
0.416
0.408
0.422
0.396
0.468
0.44
0.46
0.444
0.436
0.43
0.458
0.422
0.452
0.426
0.446
0.454
0.454
0.408
0.44
0.44
0.468
0.428
0.446
0.454
0.446
0.444
0.442
0.46
0.466
0.426
0.444
0.42
0.464
0.434
0.418
0.442
0.414
0.438
0.436
0.436
0.442
0.406
0.406
0.41
0.422
0.42
0.434
0.404
0.428
0.416
0.426
0.414
0.422
0.424
0.426
0.42
0.42
0.408
0.458
0.398
0.422
0.412
0.406
0.414
0.394
0.426
0.4
0.42
0.422
0.392
0.424
0.42
0.422
0.414
0.43
0.41
0.416
0.412
0.448
0.388
0.422
0.396
0.442
0.42
0.42
0.398
0.438
0.404
0.42
0.4
0.418
0.398
0.436
0.388
0.424
0.434
0.422
0.392
0.45
0.4
0.434
0.396
0.456
0.412
0.452
0.458
0.432
0.43
0.468
0.434
0.47
0.408
0.452
0.41
0.458
0.42
0.436
0.424
0.45
0.426
0.454
0.43
0.452
0.446
0.436
0.444
0.442
0.39
0.43
0.418
0.44
0.41
0.444
0.392
0.446
0.438
0.458
0.43
0.444
0.422
0.45
0.414
0.462
0.406
0.412
0.384
0.42
0.406
0.412
0.4
0.408
0.406
0.424
0.416
0.424
0.41
0.44
0.416
0.426
0.412
0.42
0.412
0.438
0.416
0.428
0.4
0.42
0.41
0.422
0.374
0.444
0.422
0.44
0.44
0.432
0.434
0.412
0.438
0.446
0.45
0.444
0.44
0.444
0.43
0.448
0.426
0.438
0.432
0.444
0.432
0.438
0.442
0.436
0.42
0.438
0.42
0.45
0.426
0.456
0.446
0.446
0.442
0.448
0.418
0.434
0.412
0.45
0.418
0.454
0.428
0.436
0.43
0.43
0.45
0.432
0.442
0.42
0.404
0.426
0.442
0.424
0.45
0.466
0.436
0.456
0.428
0.442
0.424
0.434
0.44
0.428
0.43
0.428
0.43
0.434
0.458
0.438
0.452
0.416
0.464
0.418
0.462
0.412
0.472
0.444
0.468
0.44
0.466
0.426
0.446
0.452
0.452
0.45
0.456
0.452
0.452
0.444
0.454
0.436
0.462
0.462
0.476
0.44
0.482
0.466
0.442
0.454
0.446
0.444
0.452
0.446
0.44
0.44
0.448
0.454
0.456
0.432
0.462
0.458
0.458
0.462
0.458
