0.402
0.3
0.268
0.226
0.26
0.27
0.282
0.292
0.292
0.312
0.3
0.294
0.304
0.33
0.316
0.332
0.322
0.29
0.314
0.322
0.346
0.31
0.348
0.278
0.324
0.302
0.258
0.238
0.254
0.354
0.266
0.254
0.304
0.29
0.26
0.34
0.304
0.34
0.292
0.286
0.272
0.296
0.304
0.276
0.282
0.298
0.266
0.346
0.332
0.298
0.328
0.376
0.328
0.294
0.31
0.356
0.284
0.36
0.33
0.344
0.296
0.282
0.344
0.332
0.332
0.326
0.302
0.324
0.408
0.308
0.352
0.294
0.29
0.274
0.306
0.256
0.304
0.298
0.24
0.296
0.324
0.28
0.298
0.31
0.252
0.328
0.31
0.282
0.278
0.326
0.302
0.272
0.228
0.296
0.25
0.262
0.312
0.276
0.268
0.278
0.294
0.278
0.272
0.312
0.224
0.328
0.24
0.234
0.292
0.3
0.378
0.298
0.38
0.338
0.308
0.272
0.308
0.312
0.27
0.31
0.304
0.298
0.284
0.244
0.36
0.374
0.318
0.294
0.378
0.288
0.376
0.266
0.314
0.262
0.378
0.296
0.362
0.36
0.298
0.332
0.324
0.322
0.266
0.32
0.304
0.324
0.26
0.292
0.29
0.254
0.27
0.264
0.248
0.304
0.242
0.326
0.252
0.364
0.264
0.364
0.274
0.36
0.274
0.316
0.292
0.37
0.262
0.336
0.282
0.336
0.304
0.35
0.292
0.35
0.312
0.348
0.304
0.33
0.308
0.34
0.282
0.366
0.282
0.354
0.242
0.34
0.246
0.358
0.238
0.348
0.262
0.364
0.238
0.36
0.25
0.354
0.248
0.346
0.252
0.366
0.254
0.354
0.3
0.37
0.286
0.378
0.278
0.382
0.322
0.366
0.31
0.366
0.306
0.384
0.338
0.366
0.34
0.338
0.362
0.362
0.326
0.362
0.318
0.376
0.334
0.39
0.328
0.37
0.314
0.37
0.316
0.368
0.318
0.378
0.32
0.354
0.324
0.352
0.334
0.36
0.322
0.334
0.336
0.334
0.348
0.342
0.344
0.34
0.314
0.322
0.328
0.336
0.346
0.326
0.308
0.356
0.296
0.364
0.308
0.344
0.268
0.3
0.292
0.3
0.298
0.292
0.282
0.302
0.258
0.304
0.276
0.29
0.3
0.28
0.276
0.274
0.308
0.282
0.284
0.328
0.29
0.286
0.318
0.238
0.302
0.25
0.31
0.308
0.3
0.308
0.3
0.302
0.272
0.336
0.274
0.34
0.292
0.338
0.29
0.272
0.276
0.314
0.266
0.248
0.264
0.25
0.262
0.22
0.276
0.24
0.242
0.24
0.236
0.296
0.262
0.266
0.268
0.32
0.21
0.292
0.22
0.324
0.186
0.316
0.208
0.306
0.218
0.306
0.242
0.306
0.26
0.296
0.254
0.304
0.288
0.322
0.292
0.292
0.286
0.354
0.32
0.378
0.3
0.362
0.302
0.352
0.304
0.346
0.308
0.342
0.308
0.352
0.312
0.366
0.306
0.362
0.306
0.338
0.298
0.354
0.294
0.334
0.294
0.332
0.268
0.356
0.276
0.35
0.286
0.356
0.284
0.374
0.276
0.372
0.286
0.36
0.298
0.368
0.294
0.37
0.29
0.37
0.296
0.366
0.296
0.372
0.29
0.348
0.302
0.328
0.274
0.334
0.282
0.278
0.338
0.328
0.33
0.294
0.366
0.334
0.364
0.342
0.364
0.31
0.354
0.336
0.392
0.342
0.356
0.354
0.348
0.378
0.348
0.332
0.36
0.36
0.376
0.306
0.358
0.31
0.36
0.296
0.364
0.322
0.372
0.338
0.39
0.362
0.384
0.362
0.384
0.354
0.36
0.312
0.348
0.334
0.35
0.32
0.35
0.314
0.346
0.31
0.35
0.312
0.344
0.298
0.344
0.284
0.34
0.306
0.34
0.322
0.35
0.33
0.332
0.31
0.338
0.32
0.32
0.286
0.31
0.318
0.324
0.3
0.308
0.294
0.314
0.26
0.296
0.276
0.352
0.29
0.3
0.31
0.282
0.334
0.274
0.344
0.308
0.336
0.276
0.298
0.328
0.342
0.32
0.328
0.298
0.3
0.338
0.312
0.308
0.294
0.32
0.342
0.344
0.336
0.322
0.288
0.326
0.412
0.352
0.296
0.298
0.262
0.276
0.316
0.34
0.302
0.34
0.282
0.284
0.218
0.276
0.276
0.222
0.234
0.192
0.23
0.25
0.212
0.238
0.232
0.216
0.308
0.306
0.27
0.284
0.258
0.232
0.214
0.266
0.224
0.32
0.26
0.304
0.306
0.262
0.244
0.294
0.258
0.26
0.26
0.224
0.234
0.218
0.208
0.234
0.258
0.26
0.306
0.318
0.338
0.29
0.286
0.336
0.294
0.306
0.286
0.29
0.272
0.28
0.294
0.314
0.276
0.298
0.246
0.314
0.2
0.268
0.202
0.288
0.28
0.344
0.234
0.268
0.292
0.252
0.302
0.278
0.232
0.286
0.264
0.266
0.304
0.286
0.286
0.288
0.298
0.324
0.274
0.264
0.308
0.298
0.312
0.298
0.354
0.246
0.272
0.388
0.282
0.236
0.252
0.268
0.288
0.3
0.292
0.294
0.292
0.338
0.306
0.29
0.244
0.32
0.252
0.316
0.274
0.204
0.226
0.266
0.256
0.298
0.266
0.242
0.262
0.222
0.25
0.288
0.268
0.27
0.278
0.284
0.266
0.246
0.294
0.286
0.316
0.244
0.268
0.248
0.288
0.246
0.27
0.228
0.266
0.248
0.278
0.252
0.276
0.28
0.292
0.254
0.32
0.252
0.296
0.274
0.3
0.334
0.284
0.28
0.274
0.31
0.302
0.316
0.304
0.286
0.3
0.282
0.306
0.29
0.298
0.268
0.33
0.334
0.318
0.306
0.298
0.316
0.286
0.306
0.278
0.282
0.256
0.288
0.266
0.31
0.264
0.298
0.272
0.264
0.278
0.27
0.284
0.274
0.278
0.272
0.246
0.272
0.252
0.28
0.226
0.266
0.292
0.256
0.294
0.23
0.284
0.244
0.252
0.246
0.256
0.246
0.282
0.23
0.284
0.236
0.322
0.19
0.318
0.24
0.312
0.228
0.32
0.222
0.318
0.224
0.296
0.222
0.314
0.28
0.308
0.244
0.298
0.22
0.256
0.294
0.322
0.326
0.266
0.3
0.322
0.252
0.316
0.278
0.296
0.284
0.328
0.302
0.292
0.294
0.274
0.274
0.338
0.262
0.276
0.296
0.282
0.298
0.34
0.274
0.336
0.318
0.298
0.354
0.32
0.342
0.32
0.348
0.298
0.324
0.306
0.312
0.304
0.294
0.258
0.332
0.306
0.316
0.29
0.32
0.29
0.276
0.272
0.276
0.296
0.34
0.314
0.338
0.312
0.324
0.306
0.28
0.266
0.278
0.262
0.332
0.282
0.318
0.272
0.3
0.312
0.262
0.278
0.314
0.268
0.314
0.266
0.324
0.236
0.344
0.328
0.342
0.254
0.312
0.338
0.316
0.31
0.26
0.332
0.334
0.26
0.332
0.27
0.272
0.262
0.268
0.266
0.246
0.274
0.302
0.312
0.294
0.312
0.314
0.296
0.312
0.262
0.248
0.254
0.266
0.284
0.308
0.246
0.3
0.286
0.314
0.308
0.28
0.3
0.266
0.262
0.278
0.292
0.278
0.276
0.278
0.274
0.276
0.264
0.27
0.274
0.282
0.25
0.288
0.25
0.288
0.25
0.274
0.274
0.272
0.272
0.27
0.254
0.286
0.254
0.276
0.3
0.264
0.288
0.248
0.288
0.248
0.33
0.288
0.264
0.348
0.274
0.292
0.304
0.324
0.272
0.332
0.264
0.32
0.266
0.316
0.284
0.318
0.286
0.32
0.254
0.296
0.254
0.298
0.3
0.316
0.312
0.322
0.344
0.306
0.346
0.316
0.294
0.31
0.278
0.326
0.278
0.32
0.28
0.296
0.292
0.318
0.268
0.306
0.274
0.304
0.294
0.298
0.284
0.304
0.278
0.284
0.304
0.264
0.304
0.276
0.29
0.288
0.32
0.3
0.29
0.324
0.288
0.268
0.296
0.268
0.264
0.318
0.268
0.308
0.276
0.294
0.258
0.288
0.274
0.268
0.286
0.264
0.276
0.27
0.272
0.274
0.27
0.294
0.296
0.33
0.28
0.316
0.294
0.336
0.308
0.336
0.31
0.332
0.276
0.304
0.278
0.3
0.25
0.29
0.234
0.28
0.304
0.302
0.294
0.292
0.302
0.292
0.302
0.292
0.306
0.308
0.306
0.322
0.296
0.318
0.304
0.3
0.264
0.438
0.368
0.346
0.362
0.358
0.236
0.204
0.23
0.23
0.262
0.314
0.272
0.23
0.252
0.298
0.3
0.336
0.294
0.318
0.18
0.29
0.35
0.262
0.272
0.276
0.23
0.276
0.262
0.288
0.24
0.258
0.294
0.258
0.302
0.316
0.226
0.308
0.232
0.248
0.276
0.27
0.26
0.23
0.274
0.25
0.204
0.238
0.26
0.302
0.204
0.294
0.282
0.258
0.228
0.26
0.266
0.234
0.252
0.238
0.252
0.282
0.246
0.278
0.23
0.25
0.21
0.26
0.292
0.252
0.262
0.276
0.268
0.26
0.256
0.246
0.228
0.27
0.22
0.23
0.204
0.228
0.236
0.23
0.23
0.232
0.248
0.242
0.224
0.224
0.248
0.21
0.26
0.268
0.292
0.276
0.284
0.278
0.25
0.27
0.274
0.256
0.254
0.224
0.242
0.234
0.262
0.226
0.238
0.244
0.236
0.284
0.25
0.29
0.232
0.238
0.278
0.246
0.264
0.262
0.278
0.274
0.264
0.264
0.294
0.242
0.248
0.268
0.236
0.264
0.242
0.27
0.238
0.252
0.244
0.268
0.228
0.28
0.244
0.254
0.248
0.24
0.308
0.268
0.264
0.286
0.272
0.252
0.252
0.254
0.278
0.27
0.274
0.256
0.292
0.186
0.298
0.236
0.28
0.29
0.282
0.214
0.28
0.216
0.29
0.272
0.266
0.232
0.232
0.26
0.256
0.248
0.268
0.204
0.252
0.212
0.272
0.214
0.27
0.212
0.274
0.206
0.258
0.244
0.266
0.208
0.266
0.236
0.266
0.236
0.276
0.238
0.264
0.246
0.276
0.224
0.274
0.23
0.252
0.278
0.206
0.276
0.248
0.24
0.24
0.242
0.238
0.28
0.244
0.268
0.214
0.276
0.244
0.242
0.268
0.26
0.264
0.208
0.256
0.216
0.26
0.226
0.264
0.202
0.244
0.218
0.234
0.218
0.234
0.214
0.228
0.212
0.224
0.218
0.228
0.22
0.246
0.222
0.25
0.234
0.286
0.25
0.274
0.238
0.306
0.228
0.258
0.184
0.264
0.19
0.272
0.21
0.28
0.22
0.264
0.208
0.266
0.202
0.262
0.204
0.262
0.208
0.262
0.192
0.264
0.208
0.22
0.218
0.224
0.246
0.216
0.242
0.214
0.24
0.236
0.256
0.256
0.258
0.248
0.256
0.238
0.27
0.262
0.248
0.252
0.278
0.258
0.256
0.242
0.276
0.23
0.286
0.232
0.284
0.236
0.222
0.236
0.274
0.268
0.274
0.272
0.28
0.23
0.26
0.228
0.256
0.24
0.264
0.254
0.266
0.256
0.272
0.26
0.28
0.254
0.284
0.258
0.282
0.262
0.286
0.226
0.268
0.236
0.282
0.272
0.272
0.25
0.294
0.236
0.284
0.268
0.278
0.266
0.278
0.268
0.282
0.268
0.28
0.274
0.284
0.246
0.246
0.236
0.278
0.274
0.276
0.278
0.26
0.286
0.26
0.27
0.26
0.274
0.262
0.256
0.272
0.254
0.276
0.254
0.27
0.242
0.288
0.244
0.29
0.254
0.29
0.258
0.282
0.256
0.278
0.244
0.274
0.282
0.26
0.28
0.256
0.278
0.258
0.28
0.26
0.27
0.268
0.27
0.268
0.266
0.284
0.27
0.26
0.266
0.256
0.236
0.296
0.242
0.286
0.26
0.268
0.256
0.248
0.258
0.254
0.248
0.236
0.262
0.264
0.246
0.262
0.248
0.276
0.272
0.272
0.25
0.278
0.234
0.276
0.23
0.28
0.244
0.29
0.246
0.272
0.226
0.268
0.228
0.272
0.238
0.276
0.248
0.28
0.248
0.258
0.242
0.274
0.246
0.264
0.244
0.268
0.222
0.276
0.23
0.302
0.22
0.326
0.202
0.258
0.212
0.27
0.212
0.246
0.208
0.25
0.206
0.254
0.2
0.252
0.194
0.258
0.206
0.256
0.198
0.264
0.204
0.266
0.214
0.258
0.21
0.264
0.262
0.276
0.252
0.278
0.248
0.256
0.246
0.258
0.25
0.274
0.232
0.272
0.212
0.278
0.226
0.292
0.226
0.302
0.23
0.24
0.224
0.274
0.224
0.274
0.226
0.272
0.222
0.288
0.282
0.268
0.274
0.26
0.286
0.26
