153.963986
28.744991
12.805943
7.446994
4.859895
3.482200
2.681063
2.139226
1.756487
1.470542
1.246517
1.067982
0.923565
0.804411
0.706376
0.625143
0.557966
0.501848
0.453938
0.412975
0.376875
0.344951
0.316532
0.291182
0.268590
0.248679
0.230789
0.214718
0.200170
0.186949
0.174967
0.164195
0.154394
0.145434
0.137229
0.129707
0.122874
0.116621
0.110869
0.105558
0.100638
0.096087
0.091866
0.087948
0.084279
0.080847
0.077644
0.074666
0.071909
0.069323
0.066910
0.064625
0.062461
0.060429
0.058496
0.056656
0.054899
0.053218
0.051606
0.050068
0.048588
0.047168
0.045807
0.044498
0.043235
0.042015
0.040837
0.039699
0.038597
0.037533
0.036504
0.035509
0.034547
0.033616
0.032717
0.031848
0.031008
0.030197
0.029414
0.028662
0.027934
0.027232
0.026553
0.025899
0.025267
0.024660
0.024074
0.023511
0.022966
0.022442
0.021935
0.021448
0.020977
0.020522
0.020082
0.019658
0.019249
0.018854
0.018472
0.018105
0.017751
0.017409
0.017079
0.016758
0.016449
0.016149
0.015858
0.015576
0.015303
0.015040
0.014784
0.014535
0.014294
0.014060
0.013832
0.013610
0.013394
0.013183
0.012978
0.012778
0.012582
0.012392
0.012206
0.012024
0.011846
0.011672
0.011501
0.011334
0.011171
0.011010
0.010852
0.010697
0.010545
0.010396
0.010248
0.010104
0.009961
0.009821
0.009682
0.009546
0.009412
0.009279
0.009148
0.009019
0.008891
0.008766
0.008641
0.008519
0.008397
0.008277
0.008159
0.008042
0.007926
0.007812
0.007699
0.007587
0.007477
0.007368
0.007260
0.007154
0.007049
0.006946
0.006844
0.006744
0.006644
0.006546
0.006450
0.006354
0.006261
0.006168
0.006077
0.005987
0.005899
0.005812
0.005727
0.005643
0.005561
0.005479
0.005399
0.005321
0.005243
0.005167
0.005092
0.005019
0.004946
0.004875
0.004805
0.004736
0.004669
0.004602
0.004537
0.004474
0.004411
0.004349
0.004289
0.004229
0.004171
0.004114
0.004057
0.004002
0.003947
0.003894
0.003841
0.003789
0.003738
0.003688
0.003639
0.003591
0.003544
0.003497
0.003451
0.003406
0.003362
0.003319
0.003276
0.003234
0.003193
0.003152
0.003113
0.003073
0.003035
0.002997
0.002960
0.002923
0.002887
0.002851
0.002817
0.002782
0.002748
0.002715
0.002683
0.002650
0.002619
0.002587
0.002557
0.002527
0.002497
0.002468
0.002439
0.002410
0.002383
0.002355
0.002328
0.002301
0.002275
0.002249
0.002224
0.002199
0.002174
0.002150
0.002126
0.002102
0.002079
0.002056
0.002033
0.002011
0.001989
0.001968
0.001947
0.001926
0.001905
0.001885
0.001865
0.001845
0.001826
0.001806
0.001788
0.001769
0.001751
0.001732
0.001715
0.001697
0.001680
0.001663
0.001646
0.001630
0.001613
0.001597
0.001582
0.001566
0.001551
0.001536
0.001521
0.001506
0.001491
0.001477
0.001463
0.001449
0.001435
0.001422
0.001408
0.001395
0.001382
0.001369
0.001357
0.001344
0.001332
0.001320
0.001308
0.001296
0.001284
0.001273
0.001261
0.001250
0.001239
0.001228
0.001217
0.001206
0.001196
0.001186
0.001175
0.001165
0.001155
0.001145
0.001135
0.001126
0.001116
0.001107
0.001098
0.001089
0.001080
0.001071
0.001062
0.001054
0.001045
0.001037
0.001029
0.001020
0.001012
0.001004
0.000997
0.000989
0.000981
0.000974
0.000966
0.000959
0.000952
0.000944
0.000937
0.000930
0.000923
0.000917
0.000910
0.000903
0.000897
0.000890
0.000884
0.000877
0.000871
0.000865
0.000859
0.000853
0.000847
0.000841
0.000835
0.000829
0.000823
0.000818
0.000812
0.000807
0.000801
0.000796
0.000790
0.000785
0.000780
0.000775
0.000770
0.000764
0.000759
0.000755
0.000750
0.000745
0.000740
0.000736
0.000731
0.000726
0.000722
0.000717
0.000713
0.000708
0.000704
0.000700
0.000695
0.000691
0.000687
0.000683
0.000679
0.000675
0.000671
0.000667
0.000663
0.000659
0.000655
0.000652
0.000648
0.000644
0.000640
0.000637
0.000633
0.000630
0.000626
0.000623
0.000619
0.000616
0.000612
0.000609
0.000606
0.000602
0.000599
0.000596
0.000593
0.000589
0.000586
0.000583
0.000580
0.000577
0.000574
0.000571
0.000568
0.000565
0.000562
0.000559
0.000556
0.000553
0.000551
0.000548
0.000545
0.000542
0.000540
0.000537
0.000534
0.000532
0.000529
0.000526
0.000524
0.000521
0.000519
0.000516
0.000514
0.000511
0.000509
0.000506
0.000504
0.000501
0.000499
0.000497
0.000494
0.000492
0.000490
0.000487
0.000485
0.000483
0.000481
0.000479
0.000476
0.000474
0.000472
0.000470
0.000468
0.000466
0.000464
0.000462
0.000460
0.000458
0.000456
0.000454
0.000452
0.000450
0.000448
0.000446
0.000444
0.000442
0.000440
0.000439
0.000437
0.000435
0.000433
0.000431
0.000429
0.000428
0.000426
0.000424
0.000422
0.000421
0.000419
0.000417
0.000416
0.000414
0.000412
0.000411
0.000409
0.000407
0.000406
0.000404
0.000403
0.000401
0.000400
0.000398
0.000397
175.813176
30.945694
14.294580
8.427984
5.528000
3.998593
3.070776
2.436482
1.965476
1.612056
1.338482
1.131479
0.969633
0.838806
0.731759
0.644645
0.573045
0.513037
0.462240
0.418674
0.381145
0.348597
0.320458
0.295538
0.273692
0.254154
0.236748
0.221170
0.207145
0.194474
0.183014
0.172724
0.163506
0.155235
0.147707
0.140864
0.134623
0.128911
0.123659
0.118798
0.114285
0.110078
0.106129
0.102406
0.098870
0.095485
0.092220
0.089068
0.086010
0.083026
0.080099
0.077236
0.074434
0.071703
0.069042
0.066460
0.063960
0.061545
0.059217
0.056987
0.054849
0.052807
0.050858
0.048998
0.047231
0.045547
0.043947
0.042427
0.040981
0.039613
0.038315
0.037081
0.035905
0.034786
0.033718
0.032701
0.031732
0.030808
0.029925
0.029082
0.028276
0.027507
0.026772
0.026072
0.025401
0.024759
0.024143
0.023554
0.022988
0.022445
0.021925
0.021426
0.020947
0.020488
0.020048
0.019625
0.019219
0.018827
0.018451
0.018090
0.017741
0.017405
0.017082
0.016769
0.016468
0.016176
0.015893
0.015621
0.015358
0.015105
0.014860
0.014623
0.014392
0.014168
0.013949
0.013736
0.013528
0.013325
0.013126
0.012931
0.012740
0.012553
0.012370
0.012189
0.012012
0.011837
0.011666
0.011497
0.011330
0.011164
0.011001
0.010840
0.010680
0.010522
0.010365
0.010210
0.010056
0.009903
0.009752
0.009602
0.009454
0.009307
0.009163
0.009022
0.008882
0.008743
0.008606
0.008471
0.008337
0.008204
0.008073
0.007943
0.007815
0.007688
0.007563
0.007440
0.007318
0.007199
0.007081
0.006965
0.006850
0.006738
0.006628
0.006519
0.006412
0.006307
0.006204
0.006103
0.006004
0.005907
0.005812
0.005719
0.005627
0.005537
0.005449
0.005363
0.005278
0.005195
0.005114
0.005034
0.004956
0.004880
0.004805
0.004732
0.004660
0.004590
0.004521
0.004453
0.004388
0.004323
0.004260
0.004198
0.004137
0.004078
0.004020
0.003963
0.003907
0.003852
0.003799
0.003746
0.003695
0.003644
0.003595
0.003546
0.003499
0.003452
0.003406
0.003361
0.003317
0.003274
0.003232
0.003191
0.003150
0.003110
0.003071
0.003032
0.002994
0.002957
0.002921
0.002885
0.002850
0.002816
0.002782
0.002748
0.002716
0.002684
0.002652
0.002621
0.002590
0.002560
0.002531
0.002502
0.002473
0.002445
0.002417
0.002390
0.002363
0.002337
0.002311
0.002285
0.002260
0.002235
0.002211
0.002187
0.002163
0.002140
0.002117
0.002094
0.002072
0.002050
0.002029
0.002008
0.001987
0.001966
0.001946
0.001926
0.001906
0.001887
0.001868
0.001849
0.001830
0.001812
0.001794
0.001777
0.001759
0.001742
0.001725
0.001709
0.001692
0.001676
0.001660
0.001645
0.001629
0.001614
0.001599
0.001584
0.001569
0.001555
0.001541
0.001527
0.001513
0.001500
0.001486
0.001473
0.001460
0.001447
0.001435
0.001422
0.001410
0.001398
0.001386
0.001374
0.001363
0.001351
0.001340
0.001329
0.001318
0.001307
0.001296
0.001286
0.001275
0.001265
0.001255
0.001245
0.001235
0.001225
0.001215
0.001206
0.001196
0.001187
0.001178
0.001169
0.001160
0.001151
0.001142
0.001133
0.001125
0.001117
0.001108
0.001100
0.001092
0.001084
0.001076
0.001068
0.001060
0.001052
0.001045
0.001037
0.001030
0.001023
0.001015
0.001008
0.001001
0.000994
0.000987
0.000981
0.000974
0.000967
0.000961
0.000954
0.000948
0.000941
0.000935
0.000929
0.000922
0.000916
0.000910
0.000904
0.000898
0.000892
0.000887
0.000881
0.000875
0.000869
0.000864
0.000858
0.000853
0.000847
0.000842
0.000837
0.000831
0.000826
0.000821
0.000816
0.000811
0.000806
0.000801
0.000796
0.000791
0.000786
0.000782
0.000777
0.000772
0.000768
0.000763
0.000758
0.000754
0.000750
0.000745
0.000741
0.000736
0.000732
0.000728
0.000724
0.000720
0.000715
0.000711
0.000707
0.000703
0.000699
0.000695
0.000691
0.000688
0.000684
0.000680
0.000676
0.000672
0.000669
0.000665
0.000661
0.000658
0.000654
0.000651
0.000647
0.000644
0.000640
0.000637
0.000633
0.000630
0.000627
0.000623
0.000620
0.000617
0.000613
0.000610
0.000607
0.000604
0.000601
0.000598
0.000594
0.000591
0.000588
0.000585
0.000582
0.000579
0.000576
0.000574
0.000571
0.000568
0.000565
0.000562
0.000559
0.000556
0.000554
0.000551
0.000548
0.000545
0.000543
0.000540
0.000537
0.000535
0.000532
0.000529
0.000527
0.000524
0.000522
0.000519
0.000517
0.000514
0.000512
0.000509
0.000507
0.000504
0.000502
0.000499
0.000497
0.000495
0.000492
0.000490
0.000488
0.000485
0.000483
0.000481
0.000478
0.000476
0.000474
0.000472
0.000469
0.000467
0.000465
0.000463
0.000461
0.000459
0.000456
0.000454
0.000452
0.000450
0.000448
0.000446
0.000444
0.000442
0.000440
0.000438
0.000436
0.000434
0.000432
0.000430
0.000428
0.000427
0.000425
0.000423
0.000421
0.000419
0.000417
0.000415
0.000414
0.000412
0.000410
0.000408
182.347123
31.163657
14.689438
8.713245
5.744533
4.049270
3.010902
2.347836
1.906346
1.597940
1.370619
1.189487
1.036601
0.902987
0.789298
0.695451
0.617961
0.553877
0.502125
0.459015
0.421527
0.388402
0.358882
0.332225
0.308158
0.286347
0.266715
0.248848
0.232522
0.217487
0.203608
0.190756
0.178911
0.168005
0.157900
0.148572
0.139971
0.132044
0.124725
0.117967
0.111740
0.106001
0.100791
0.095957
0.091471
0.087316
0.083442
0.079831
0.076470
0.073324
0.070374
0.067608
0.065011
0.062564
0.060257
0.058074
0.056008
0.054056
0.052213
0.050462
0.048795
0.047206
0.045691
0.044247
0.042874
0.041569
0.040322
0.039125
0.037979
0.036880
0.035823
0.034808
0.033831
0.032892
0.031989
0.031119
0.030282
0.029476
0.028703
0.027959
0.027242
0.026552
0.025885
0.025242
0.024622
0.024024
0.023446
0.022887
0.022349
0.021830
0.021328
0.020841
0.020370
0.019914
0.019472
0.019043
0.018627
0.018224
0.017833
0.017454
0.017087
0.016730
0.016383
0.016046
0.015719
0.015402
0.015094
0.014795
0.014504
0.014223
0.013949
0.013684
0.013426
0.013175
0.012931
0.012694
0.012463
0.012239
0.012021
0.011809
0.011602
0.011401
0.011205
0.011014
0.010827
0.010646
0.010468
0.010296
0.010128
0.009964
0.009804
0.009648
0.009496
0.009348
0.009203
0.009061
0.008923
0.008789
0.008657
0.008528
0.008403
0.008280
0.008160
0.008043
0.007929
0.007817
0.007707
0.007600
0.007495
0.007392
0.007292
0.007194
0.007098
0.007004
0.006913
0.006823
0.006734
0.006648
0.006563
0.006481
0.006400
0.006320
0.006242
0.006166
0.006091
0.006017
0.005945
0.005874
0.005805
0.005737
0.005670
0.005605
0.005541
0.005478
0.005417
0.005356
0.005297
0.005239
0.005181
0.005125
0.005070
0.005016
0.004963
0.004910
0.004859
0.004808
0.004759
0.004710
0.004662
0.004615
0.004568
0.004523
0.004478
0.004435
0.004391
0.004349
0.004307
0.004266
0.004225
0.004186
0.004146
0.004108
0.004070
0.004032
0.003996
0.003959
0.003924
0.003889
0.003854
0.003820
0.003786
0.003753
0.003721
0.003689
0.003657
0.003626
0.003595
0.003565
0.003535
0.003505
0.003476
0.003448
0.003419
0.003391
0.003364
0.003337
0.003310
0.003284
0.003258
0.003232
0.003207
0.003182
0.003157
0.003133
0.003109
0.003085
0.003062
0.003039
0.003016
0.002994
0.002971
0.002950
0.002928
0.002907
0.002886
0.002865
0.002845
0.002824
0.002805
0.002785
0.002766
0.002747
0.002728
0.002709
0.002691
0.002673
0.002655
0.002637
0.002620
0.002603
0.002586
0.002569
0.002552
0.002536
0.002520
0.002504
0.002489
0.002473
0.002458
0.002443
0.002428
0.002413
0.002399
0.002385
0.002371
0.002357
0.002343
0.002330
0.002317
0.002303
0.002291
0.002278
0.002265
0.002253
0.002241
0.002229
0.002218
0.002207
0.002195
0.002184
0.002173
0.002163
0.002152
0.002142
0.002131
0.002121
0.002111
0.002101
0.002092
0.002082
0.002072
0.002063
0.002054
0.002045
0.002035
0.002026
0.002018
0.002009
0.002000
0.001992
0.001983
0.001975
0.001967
0.001958
0.001950
0.001942
0.001934
0.001926
0.001918
0.001910
0.001902
0.001894
0.001887
0.001879
0.001871
0.001863
0.001856
0.001848
0.001841
0.001833
0.001825
0.001818
0.001810
0.001803
0.001795
0.001787
0.001780
0.001772
0.001765
0.001757
0.001749
0.001742
0.001734
0.001726
0.001719
0.001711
0.001703
0.001695
0.001688
0.001680
0.001672
0.001664
0.001656
0.001648
0.001640
0.001632
0.001624
0.001616
0.001608
0.001600
0.001592
0.001584
0.001576
0.001568
0.001559
0.001551
0.001543
0.001535
0.001527
0.001518
0.001510
0.001502
0.001494
0.001485
0.001477
0.001469
0.001461
0.001452
0.001444
0.001436
0.001428
0.001419
0.001411
0.001403
0.001395
0.001387
0.001379
0.001371
0.001363
0.001355
0.001347
0.001339
0.001331
0.001323
0.001315
0.001307
0.001299
0.001292
0.001284
0.001276
0.001269
0.001261
0.001254
0.001246
0.001239
0.001232
0.001224
0.001217
0.001210
0.001203
0.001196
0.001189
0.001182
0.001175
0.001168
0.001161
0.001155
0.001148
0.001141
0.001135
0.001128
0.001122
0.001116
0.001109
0.001103
0.001097
0.001091
0.001084
0.001078
0.001072
0.001066
0.001061
0.001055
0.001049
0.001043
0.001038
0.001032
0.001026
0.001021
0.001015
0.001010
0.001004
0.000999
0.000994
0.000989
0.000984
0.000978
0.000973
0.000968
0.000963
0.000958
0.000954
0.000949
0.000944
0.000939
0.000935
0.000930
0.000925
0.000921
0.000916
0.000912
0.000907
0.000903
0.000898
0.000894
0.000890
0.000886
0.000881
0.000877
0.000873
0.000869
0.000865
0.000861
0.000857
0.000853
0.000849
0.000845
0.000841
0.000837
0.000834
0.000830
0.000826
0.000822
0.000819
0.000815
0.000811
0.000808
0.000804
0.000801
0.000797
0.000794
0.000790
0.000787
0.000784
0.000780
0.000777
0.000773
0.000770
0.000767
